8.448979592
8.193877551
7.56122449
6.693877551
5.204081633
2.954081633
1.071428571
-1.275510204
-3.403061224
-5.147959184
-5.510204082
-5.387755102
-5.030612245
-3.290816327
-2.066326531
-0.423469388
1.071428571
1.785714286
3.168367347
4.821428571
7.612244898
10.95918367
13.42857143
14.39285714
13.71428571
11.31632653
9.454081633
9.37755102
10.06632653
11.36734694
11.68877551
12.70408163
12.1377551
10.81122449
8.030612245
3.576530612
-0.68877551
-4.984693878
-7.464285714
-7.663265306
-5.974489796
-3.775510204
1.326530612
7.132653061
9.413265306
8.801020408
7.576530612
8.780612245
8.306122449
9.301020408
10.28571429
11.95918367
10.93877551
10.54591837
11.94897959
13.68877551
15.78571429
11.95408163
6.224489796
0.540816327
-3.62244898
-9.295918367
-14.73979592
-18.53571429
-19.72959184
-19.32142857
-15.46938776
-12.68367347
-10.25510204
-8.719387755
-11.99489796
-13.47959184
-11.68367347
-7.295918367
-4.566326531
-2.265306122
-0.158163265
2.158163265
3.913265306
6.102040816
6.37755102
7.948979592
9.93877551
12.03571429
15.8622449
19.5255102
21.22959184
23.47959184
24.68367347
22.43367347
19.97959184
17.99489796
16.68367347
13.87755102
12.53061224
11.5255102
12.26530612
14.54081633
18.65816327
23.85714286
27.32653061
30.9744898
31.15306122
31.20408163
29.02040816
24.96428571
20.40306122
15.25
14.44387755
13.93877551
12.91836735
14.07142857
12.12755102
9.693877551
7.183673469
0.658163265
-4.275510204
-8.469387755
-10.84183673
-8.668367347
-5.056122449
-2.755102041
-4.724489796
-4.658163265
-4.275510204
-5.474489796
-1.979591837
-2.790816327
-4.760204082
-6.035714286
-11.08673469
-14.21938776
-12.41326531
-12.6377551
-12.80612245
-10.81122449
-7.239795918
-5.933673469
-6.37755102
-6.367346939
-8.142857143
-10.57142857
-12.31122449
-13.56632653
-7.933673469
-1.285714286
1.81122449
3.806122449
4.704081633
1.433673469
2.403061224
0.857142857
-1.193877551
7.928571429
14.73979592
24.37244898
30.87755102
32.93877551
31.71938776
32.23979592
32.07142857
35.2755102
42.63265306
51.64795918
55.38265306
58.58163265
70.03571429
80.94897959
91.51530612
97.21428571
93.15306122
84.77040816
71.89285714
53.83163265
41.03061224
40.83673469
41.20918367
47.28061224
58.0255102
70.34693878
80.8622449
77.96938776
72.35714286
53.08673469
29.28061224
4.081632653
-14.07142857
-15.37244898
-8.591836735
-1.897959184
16.70408163
33.80612245
55.71938776
76.56122449
94.13265306
112.0204082
127.6071429
86.38265306
54.24489796
46.66836735
57.61734694
52.61734694
48.19387755
78.43877551
99.3877551
108.8979592
123.7295918
127.1581633
128.0867347
125.3214286
96.1122449
101.0102041
91.6122449
85.05102041
81.03061224
91.74489796
121.5408163
157.3418367
175.8826531
173.3163265
163.5204082
169.0459184
179.8826531
184.7653061
152.7602041
132.3826531
96.27040816
59.63265306
37.13265306
16.88265306
3.75
-22.27040816
-56.51530612
-95.33163265
-128.1479592
-156.1683673
-186.9846939
-281.5612245
-309.8520408
-308.9438776
-278.6632653
-234.5918367
-198.8112245
-140.9642857
-78.61734694
-30.05612245
9.969387755
40.68367347
41.04591837
0.959183673
-62.90816327
-76.58163265
-85.86734694
-93.51020408
-87.68877551
-78.32653061
-72.77040816
-65.67857143
-68.99489796
-80.62244898
-91.3622449
-89.79591837
-94.87244898
-93.11734694
-92.68877551
-107.6989796
-149.3112245
-158.1173469
-151.5
-135.3163265
-89.18367347
-27.35204082
36.07142857
50.35204082
65.47959184
67.58673469
71.91836735
72.29591837
70.21938776
84.73469388
116.4438776
114.6632653
94.75
59.34183673
6.459183674
-54.51020408
-112.6836735
-130.627551
-136.8979592
-121.4336735
-109.2857143
-100.6581633
-93.18367347
-88.24489796
-85.28571429
-75.42346939
-56.86734694
-45.83673469
-39.29081633
-38.95918367
-41.39795918
-41.81632653
-42.77040816
-39.87244898
-35.71428571
-27.60714286
-22.34183673
-23.93367347
-32.2755102
-40.34183673
-45.2244898
-49.68877551
-51.70408163
-51.72959184
-48.19387755
-45.44387755
-42.54591837
-35.64285714
-27.37244898
-22.12755102
-24.17346939
-27.81632653
-28.37755102
-27.14285714
-23.38265306
-16.43877551
-7.147959184
-2.341836735
-1.459183673
-1.168367347
-0.780612245
-1.739795918
-4.484693878
-6.551020408
-6.857142857
-8.464285714
-11.17857143
-12.63265306
-14.39795918
-15.28061224
-15.34693878
-15.91326531
-13.78061224
-11.49489796
-8.505102041
-4.566326531
0.846938776
5.612244898
6.75
5.846938776
3.178571429
0.87244898
0.428571429
-0.75
2.030612245
7.239795918
12.1122449
15.44387755
16.79591837
15.75510204
13.5255102
9.163265306
3.887755102
1.576530612
2.295918367
4.87755102
4.933673469
12.48979592
17.30102041
22.26530612
27.46428571
30.44387755
29.95408163
24.96938776
18.54081633
11.45918367
6.275510204
0.515306122
-4.290816327
-9.382653061
-11.25
-13.03571429
-13.65306122
-13.85204082
-14.39285714
-15.0255102
-14.89795918
-11.91326531
-8.198979592
-5.224489796
-3.5
-1.744897959
-0.316326531
0.198979592
0.37755102
-2.06122449
-4.591836735
-7.31122449
-10.99489796
-13.80102041
-15.55102041
-17.1377551
-18.95918367
-19.29591837
-20.41326531
-21.19387755
-20.12755102
-17.8877551
-15.04081633
-11.8622449
-9.596938776
-8.724489796
-10.1122449
-12.23979592
-14.06122449
-13.50510204
-12.66836735
-12.61734694
-13.02040816
-14.65816327
-17.92346939
-19.56632653
-18.22959184
-20.48469388
-20.25
-19.78571429
-18.33673469
-16.31632653
-12.57142857
-6.984693878
-2.969387755
-1.540816327
-1.566326531
-2.454081633
-3.785714286
-5.147959184
-6.331632653
-4.857142857
-5.392857143
-5.760204082
-6.051020408
-6.591836735
-6.005102041
-4.734693878
-3.581632653
-2.107142857
-1
-0.551020408
-0.535714286
-0.403061224
-0.474489796
-0.755102041
-0.448979592
0.204081633
0.392857143
0.785714286
0.75
0.673469388
-0.704081633
-0.913265306
0.301020408
1.882653061
4.479591837
6.081632653
8.005102041
9.331632653
9.729591837
9.62244898
9.37755102
8.647959184
6.494897959
3.994897959
7.392857143
11.89285714
15.72959184
21.53571429
26.83163265
27.98469388
25.87244898
30.07653061
36.65306122
45.13265306
56.30102041
65.88265306
69.6122449
64.1377551
59.67346939
54.60204082
55.85204082
55.56122449
53.64795918
48.43367347
37.89285714
28.34693878
19.33163265
14.3877551
13.25510204
18.34693878
18.67857143
17.84183673
17.11734694
16.68367347
12.2244898
10.33163265
12.15306122
13.32653061
14.48469388
21.43877551
29.2755102
39.90306122
54.80612245
65.39795918
66.14795918
56.8877551
44.41836735
31.1122449
21.93877551
13.39795918
9.255102041
9.653061224
10.07653061
-13.39795918
-26.26530612
-37.94387755
-40.72959184
-30.07142857
-21.82142857
-8.096938776
8.454081633
44.40816327
83.6377551
120.005102
162.1173469
185.2295918
176.6020408
173.6326531
143
106.8673469
56.84693878
0.658163265
-36.16836735
-58.19387755
-53.58673469
-45.80612245
-44.98469388
-28.13265306
-21.83163265
-14.67857143
-3.510204082
7.285714286
20.82653061
23.56122449
26.9744898
25.54081633
10
-9.959183674
-31.23469388
-52.21938776
-58.56122449
-69.67346939
-72.37244898
-69.3877551
-60.83163265
-58.66836735
-57.53571429
-51.18877551
-50.42346939
-46.07653061
-36.17346939
-24.64285714
-12.04591837
-4.642857143
-1.37244898
-0.193877551
0.040816327
-1.933673469
-0.341836735
3.943877551
10.71428571
24.16836735
43.07653061
55.87755102
61.89795918
62.46938776
62.56632653
71.71428571
87.01530612
98.46428571
110.5765306
111.494898
90.90816327
76.5
64.20408163
51.04591837
39.28061224
37.08163265
31.64285714
25.70918367
30.0255102
32.61734694
28.43367347
-20.89795918
-77.29591837
-113.6020408
-121.2193878
-98.8622449
-42
47.07653061
144.8316327
211.8214286
224.9693878
196.9387755
106.1428571
-5.964285714
-117.0459184
-130.4489796
-76.5
-15.40306122
48.12755102
92.83163265
111.1836735
99.20918367
57.53061224
-1.265306122
-46.44897959
-88.52040816
-92.1377551
-54.77040816
18.87755102
74.68367347
70.13265306
45.17346939
30.12244898
42.1377551
96.0255102
218.4846939
363.5408163
453.877551
473.0612245
445.0918367
412.7908163
385.2397959
385.6122449
438.7346939
532.1326531
572.6734694
545.6020408
512.5663265
423.622449
298.5765306
283.8163265
355.872449
515.7806122
1075.056122
1445.969388
1553.918367
1407.617347
975.6428571
337.0153061
-388.5459184
-1048.035714
-1558.627551
-1806.826531
-1798.841837
-1652.785714
-1311.80102
-794.0765306
-653.6377551
-554.7959184
-457.2346939
-422.0255102
-416.9846939
-428.7704082
-421.9234694
-387.2244898
-333.1785714
-280.005102
-249.3469388
-239.5408163
-240.0204082
-232.8265306
-204.7346939
-167.2142857
-143.1530612
-136.3265306
-133.2091837
-132.4336735
-131.0255102
-115.5918367
-92.94897959
-81.34693878
-90.62244898
-110.9591837
-133.3367347
1.141584677
1.057315207
0.947433621
0.806814925
0.684120406
0.581177875