120
128
155
125
111
124
196
188
152
222
165
170
141
174
132
187
149
126
90
136
155
143
174
140
154
158
112
238
194
327
305
234
161
207
225
339
449
334
321
249
310
326
321
362
287
293
167
272
274
351
410
483
401
116
214
377
595
433
506
387
319
290
500
613
575
689
262
131
268
479
486
348
377
258
186
303
237
358
318
270
240
182
261
261
399
300
385
260
261
265
402
499
478
557
454
317
577
530
520
581
687
554
428
558
573
769
783
906
793
515
935
761
949
865
949
840
695
1082
819
921
1074
908
936
657
758
823
966
898
1115
840
496
744
887
883
943
1133
611
515
748
501
915
1040
828
664
469
662
654
724
832
908
469
411
640
753
880
828
748
596
262
962
587
681
1487
955
878
575
715
877
1495
1336
1402
1356
914
1356
1408
1982
2426
2121
1829
1251
1645
1715
2228
2470
2791
2024
1870
2355
2339
2818
2686
2928
1902
1673
1970
2255
3184
2903
2717
2704
2007
3144
3163
3679
3874
4339
25
3097
4377
4376
3292
3638
5060
3308
3202
5058
3807
4844
5557
4935
3441
3360
5585
5930
5833
6153
6961
4320
4203
7071
7081
7518
7858
5108
5873
4241
6977
7865
6691
6485
6146
3638
3002
6179
5583
5039
1303
4976
3673
2477
4286
3861
4647
4890
4942
2754
1936
4189
3475
4022
3715
4015
2530
2212
3497
2490
3505
3187
3509
1828
1430
2415
2549
2755
1452
613
2278
1235
2433
2744
3143
2611
970
2524
1367
3386
3369
3752
3510
2891
1803
1479
2569
2270
2713
2246
1989
1617
1018
1519
1505
2134
2030
1676
1126
909
1253
1319
1780
1492
1473
1030
722
1080
1246
1525
1253
894
642
548
711
811
1182
962
755
456
396
654
659
723
767
695
401
387
609
690
778
678
679
438
299
514
638
737
597
516
310
180
472
552
539
609
502
335
260
550
590
573
544
464
376
331
451
792
735
700
579
408
293
682
670
638
778
690
552
281
975
785
988
1049
821
564
390
917
899
955
832
728
474
366
866
692
788
816
630
426
381
791
721
809
782
676
415
336
697
647
705
659
537
302
176
538
552
495
512
502
223
134
516
409
458
392
341
147
145
381
328
278
224
186
93
71
44
249
184
192
155
44
58
179
131
147
130
109
44
40
124
45
106
115
67
32
19
99
100
103
71
64
38
22
115
75
113
87
89
19
24
17
155
198
120
158
30
103
195
166
207
197
179
51
107
450
356
344
458
414
120
272
960
780
886
1021
833
543
466
1371
1167
1556
1192
1060
591
562
1558
1281
1433
1453
1434
535
642
1595
1377
1557
1578
1438
704
746
2144
1697
2039
2275
1926
772
856
2107
1925
2345
2007
1861
1092
909
774
2061
1731
2355
2441
338
668
2110
3411
3432
3144
3630
1892
1475
3607
2766
3102
2805
2886
1685
1379
3063
2865
2367
3449
2661
1662
1476
3535
3022
2770
3143
2836
1096
1202
2840
2463
2582
2435
2214
1018
890
2295
2137
2247
2039
2406
885
794
2545
1951
2189
2288
2161
845
1113
2484
2354
2892
2755
2604
1200
1208
3336
3514
3715
3279
3474
1555
1236
4141
3627
3734
3576
3768
1507
1669
4375
3811
3737
696
2321
1710
1876
4856
4737
5002
4688
4116
878
1521
2538
3601
4186
5857
5292
1417
1573
3954
4194
4669
4167
3462
1442
1390
4183
5290
5772
4838
2329
678
2621
6457
8057
10831
8788
4726
2686
4461
9907
11835
13404
13633
11125
4853
5941
13148
11306
14340
20558
15138
13781
14478
15175
13081
15499
11753
10135
7041
5062
5895
7783
8259
7282
5754
3995
2503
3459
4953
4851
3562
3036
2368
1302
1991
3012
2563
2172
1777
1314
735
1242
1638
1594
1329
1031
660
440
835
986