0.153348132
0.260412145
0.401470878
0.541528303
0.672003559
0.774814785
0.855420253
0.880054897
0.919398329
0.952762799
0.981901778
1.015881307
1.027266378
1.011371905
0.974210824
0.961081934
0.956452664
0.925491002
0.926804261
0.91348947
0.878592132
0.825677764
0.7163441
0.470422492
0.029963223
-0.105683937
-0.531869763
-0.711635095
-0.741167684
-0.731407847
-0.701620844
-0.517303643
-0.315198952
0.373177979
0.029963223
0.251811973
0.500835529
0.683175737
0.881512752
1.039778206
1.128029814
1.158147015
1.137173193
1.05370547
0.975619348
0.972089436
1.002871014
1.055659115
1.067769018
1.103943276
1.084138371
1.033874885
0.904748657
0.553461947
0.161922303
-0.697638492
-0.872988255
-0.884413861
-0.776300824
-0.576975648
0.122717277
0.8532511
0.973740299
0.944533028
0.879470382
0.943524799
0.919398329
0.968530597
1.012234456
1.077701536
1.03896871
1.023084405
1.077330819
1.136364601
1.198264238
1.077516217
0.794103759
-0.266950206
-0.559002277
-0.968292301
-1.16849147
-1.268009327
-1.295118101
-1.286039234
-1.189473126
-1.103245053
-1.010939986
-0.940485991
-1.078996558
-1.129676742
-1.067579411
-0.863079966
-0.659566964
-0.355126899
0.800894378
0.334084296
0.592539293
0.785475108
0.804653942
0.900311382
0.997332881
1.08047187
1.200364651
1.290602391
1.326941644
1.370690543
1.392409793
1.350900394
1.300586612
1.255149388
1.222291681
1.142312833
1.097972291
1.06166016
1.088678392
1.162588789
1.270868889
1.377618431
1.436584497
1.491004162
1.493500729
1.494211405
1.462703516
1.397319144
1.309695333
1.183269844
1.159683798
1.144224624
1.11120763
1.14833819
1.08377311
0.98649753
0.856346583
-0.181666361
-0.630987947
-0.927852017
-1.035102863
-0.937937308
-0.703817583
-0.440137688
-0.674354915
-0.668214706
-0.630987947
-0.738343651
-0.296575654
-0.445731255
-0.677625572
-0.780728673
-1.044803655
-1.152880897
-1.093886038
-1.101669935
-1.10741765
-1.033874885
-0.859726324
-0.773323643
-0.804653942
-0.803958514
-0.910776816
-1.02413368
-1.090301251
-1.132462266
-0.899474322
-0.109144469
0.257972282
0.580482756
0.67247485
0.156450249
0.380764836
-0.06694679
-0.076959786
0.899194943
1.16849147
1.38689917
1.489642848
1.51770745
1.501324796
1.508392284
1.506118305
1.547473304
1.62974236
1.713053165
1.743373756
1.767761471
1.845319562
1.908211379
1.961493737
1.98773009
1.969197131
1.928244274
1.856685744
1.731037552
1.613107997
1.611051009
1.614994012
1.674683092
1.763618968
1.847245203
1.907745794
1.891924124
1.85948141
1.724986013
1.466580153
0.610833916
-1.14833819
-1.18674306
-0.934086016
-0.278286869
1.222822604
1.52899536
1.746006336
1.884008871
1.973740299
2.049297151
2.105874985
1.936426538
1.734358897
1.669022608
1.760553257
1.721128946
1.68299187
1.894530805
1.997332881
2.037019741
2.09247358
2.104344246
2.107504154
2.098025337
1.982778721
2.004365249
1.961953525
1.929679528
1.90864912
1.962581922
2.084722149
2.196844216
2.245223008
2.238839476
2.213571962
2.228004689
2.254989284
2.266620426
2.18401023
2.12183108
1.983492813
1.775484132
1.56975598
1.227440696
0.574031268
-1.347728177
-1.752166084
-1.979237031
-2.107711694
-2.19359307
-2.271806058
-2.449572845
-2.491154361
-2.489879593
-2.445079722
-2.370312896
-2.2984409
-2.149109095
-1.895518384
-1.477932951
0.998668488
1.60942016
1.613269977
-0.018098222
-1.798707005
-1.884124621
-1.933828045
-1.970859005
-1.942944006
-1.89390889
-1.861954811
-1.817423698
-1.838816977
-1.906455986
-1.960766762
-1.953256596
-1.977140111
-1.969030594
-1.967027145
-2.032211589
-2.174092457
-2.198979519
-2.180412633
-2.131350199
-1.950285357
-1.436989736
1.557163342
1.702017078
1.816105964
1.829861465
1.85683982
1.859113779
1.846457039
1.928061265
2.066116659
2.059424305
1.976579219
1.773360984
0.810177634
-1.736477808
-2.051860996
-2.116034785
-2.136396974
-2.084339133
-2.038563395
-2.002849001
-1.969339827
-1.945689605
-1.930876291
-1.877506506
-1.754862967
-1.661213672
-1.594291052
-1.590609848
-1.616978932
-1.621345878
-1.631143395
-1.600672911
-1.552841969
-1.441021463
-1.349118874
-1.379009362
-1.508873116
-1.605755667
-1.655373676
-1.696258294
-1.713524829
-1.713739052
-1.68299187
-1.657475381
-1.628857902
-1.55197251
-1.437313655
-1.344933351
-1.383338985
-1.444299776
-1.452974913
-1.433655561
-1.368893786
-1.215869465
-0.854182064
-0.369556614
-0.164109962
-0.067579411
0.107564641
-0.240498308
-0.651732804
-0.816308952
-0.836143197
-0.927590315
-1.048386306
-1.101494569
-1.158300938
-1.184140755
-1.186021761
-1.201759303
-1.139268513
-1.06050512
-0.929679528
-0.659566964
-0.072147983
0.749136614
0.829303773
0.766928546
0.502231975
-0.059259961
-0.367976785
0.124938737
0.307627001
0.859726324
1.083224643
1.18875635
1.225203755
1.19742122
1.131153656
0.962050261
0.5896989
0.197702408
0.360956442
0.688201821
0.693170403
1.096555342
1.238071718
1.347628671
1.438768308
1.483499966
1.476456009
1.397407894
1.268128852
1.059153681
0.79764904
-0.287934698
-0.632539924
-0.972325658
-1.051152522
-1.115134833
-1.135230038
-1.141513763
-1.158147015
-1.176829228
-1.17312678
-1.076030814
-0.913759805
-0.718043885
-0.544068044
-0.241770035
0.499864382
-0.701191464
-0.423024352
-0.314125294
-0.661986438
-0.863990119
-1.041191203
-1.139911198
-1.191758891
-1.233953932
-1.277819634
-1.285465453
-1.30991248
-1.326210421
-1.303790936
-1.25255584
-1.177271408
-1.074166886
-0.982132724
-0.940740039
-1.004847579
-1.087774177
-1.148023142
-1.13049787
-1.102720648
-1.100968045
-1.114624599
-1.166079555
-1.253422078
-1.291509297
-1.260776945
-1.311429478
-1.306425028
-1.296351733
-1.263322001
-1.212622388
-1.099384632
-0.844147377
-0.472666913
-0.187750872
-0.194882304
-0.389889005
-0.578147834
-0.711635095
-0.80151571
-0.686380877
-0.731818916
-0.760437871
-0.781828618
-0.819006442
-0.778520391
-0.675291905
-0.554081041
-0.32369398
0
0.258832316
0.271066772
0.39462898
0.323773123
0.121994356
0.347773399
-0.69019608
-0.405765346
-0.104735351
-0.124938737
-0.17168214
0.152376985
0.03940304
-0.52140406
0.274770295
0.651238445
0.784020184
0.903366872
0.969957634
0.988094622
0.983285617
0.972089436
0.936913631
0.812572332
0.601505691
0.868812314
1.075286202
1.196717453
1.333159281
1.428647099
1.446920561
1.412837539
1.478227738
1.564110252
1.654490864
1.750516266
1.81877108
1.842685639
1.807113755
1.775781288
1.737208875
1.747039047
1.744771808
1.729553206
1.68514741
1.578557353
1.452506166
1.286268534
1.157993037
1.122383075
1.263563612
1.271343658
1.251439561
1.233436453
1.222291681
1.087230742
1.014168956
1.084685686
1.124717101
1.160909321
1.331199977
1.466504473
1.601006215
1.738829077
1.815564196
1.82051645
1.755018796
1.647562591
1.492931349
1.341212384
1.12703865
0.966381211
0.984665061
1.003311029
-1.12703865
-1.419382467
-1.57914171
-1.609910058
-1.47815406
-1.338883179
-0.908320855
0.927066437
1.647462811
1.922402368
2.079199711
2.209829488
2.26771037
2.246995718
2.239631401
2.155336037
2.028845028
1.754707083
-0.181666361
-1.558328905
-1.764877296
-1.729057294
-1.66092353
-1.653064769
-1.44921069
-1.339086215
-1.166683791
-0.545332367
0.862472136
1.318616929
1.372197857
1.430953239
1.407234774
1
-0.998223742
-1.494637254
-1.717831776
-1.767610149
-1.843067437
-1.859573269
-1.841282837
-1.784129473
-1.768404003
-1.759937509
-1.709174741
-1.702632724
-1.663479771
-1.558390164
-1.391691059
-1.080839916
-0.666785321
-0.137496209
0.712472475
-1.389166084
-0.286383139
0.466181269
0.595923423
1.029963223
1.383247313
1.634240718
1.747237364
1.79167633
1.79566725
1.796340657
1.855605677
1.939595652
1.993278735
2.04366296
2.047254994
1.958602883
1.883661435
1.807562638
1.707961022
1.594178248
1.569158847
1.500275691
1.410088287
1.477490396
1.513448633
1.453832972
-1.320103877
-1.888156561
-2.055386133
-2.083572086
-1.995030468
-1.62324929
1.672804449
2.160863426
2.325969893
2.352123426
2.294331233
2.025890774
-0.77555844
-2.068356274
-2.115440686
-1.883661435
-1.187607042
1.682393763
1.967695989
2.046041019
1.996551876
1.759898996
-0.102195609
-1.666976178
-1.947043408
-1.964437627
-1.738545977
1.275945653
1.873225671
1.845920268
1.654883446
1.478890277
1.624671395
1.982386623
2.339421018
2.560553178
2.656938703
2.674917352
2.648449629
2.615730027
2.585731144
2.586150816
2.642201979
2.726019909
2.757907064
2.736875986
2.709750071
2.626978967
2.475055667
2.453037375
2.551294367
2.712465013
3.031431137
3.160159099
3.1914282
3.14848461
2.989290869
2.527649626
-2.589442351
-3.020376083
-3.192742349
-3.256916459
-3.25499298
-3.21821655
-3.117867964
-2.89986236
-2.81533713
-2.744133257
-2.660139176
-2.625338704
-2.620120114
-2.632224805
-2.625233684
-2.587962816
-2.522677062
-2.447165945
-2.396804041
-2.379379525
-2.38024817
-2.367032467
-2.311191443
-2.223273378