1.193092363
1.349603116
1.587579341
1.865366408
2.167712986
2.440098693
2.677380688
2.754402784
2.882034429
2.994893613
3.097069056
3.220628662
3.26312108
3.203951642
3.069766992
3.023715784
3.007643324
2.902321379
2.90671285
2.862494987
2.749768079
2.587252897
2.281245632
1.718744202
1.035098339
-1.129384879
-1.844738796
-2.268911453
-2.347382389
-2.32115383
-2.242902638
-1.814060728
-1.437472271
-0.650745256
1.035098339
1.33630621
1.779990828
2.195775164
2.759029702
3.310465779
3.664501525
3.793791921
3.703280399
3.363974811
3.074749036
3.06227873
3.172747474
3.371549635
3.418885127
3.564278557
3.483928114
3.288042653
2.833833489
1.891171756
-0.829925003
-2.232642801
-2.7320845
-2.768260339
-2.444276947
-1.943067216
1.151751107
2.670702728
3.068104514
2.96665138
2.752549838
2.963209788
2.882034429
3.049757434
3.207134903
3.458205268
3.307381972
3.247447978
3.456729609
3.699834525
3.973123996
3.457467517
2.494892742
0.735402153
-1.903273228
-3.048920853
-3.839244186
-4.305312333
-4.441800517
-4.395614698
-3.933114257
-3.561414532
-3.202358824
-2.952860944
-3.463365121
-3.671456365
-3.41813889
-2.701095772
-2.136896472
-1.505093393
-0.397697454
1.469068843
1.978197489
2.470230924
2.525381361
2.819393479
3.152582356
3.469252698
3.982743388
4.418767951
4.607558121
4.845574459
4.968266646
4.7364199
4.469853671
4.242039363
4.084565273
3.725258517
3.539860484
3.394924182
3.502185906
3.813242233
4.319509609
4.884377428
5.227478418
5.565473007
5.581492742
5.58606137
5.387059324
4.996427295
4.516974787
3.905124838
3.80051017
3.733466956
3.594213036
3.751190287
3.482463355
3.113499245
2.680237577
0.811272621
-2.067730689
-2.910221255
-3.292694449
-2.944209121
-2.24858232
-1.659850006
-2.173589151
-2.158277847
-2.067730689
-2.339762765
-1.406979686
-1.670573652
-2.181789193
-2.456769075
-3.329674863
-3.770860347
-3.523246416
-3.554962039
-3.5785643
-3.288042653
-2.690686886
-2.435913272
-2.525381361
-2.523360248
-2.853569194
-3.251373336
-3.508735455
-3.683249453
-2.816677736
-1.133893419
1.345817406
1.950928612
2.168889493
1.197361044
1.55018103
0.9258201
-1.092647039
2.815771906
3.839244186
4.936846056
5.55675724
5.739231265
5.631996782
5.678009855
5.663164184
5.939319002
6.529368504
7.186651458
7.441952235
7.653863903
8.36873433
8.997165086
9.566363265
9.859730509
9.651583353
9.207084672
8.47896557
7.337004338
6.405514206
6.390362642
6.419437956
6.876089895
7.617447749
8.387308196
8.992343682
8.830027619
8.506300186
7.286064417
5.411156276
2.020305089
-3.751190287
-3.920771478
-2.931183504
-1.377664394
4.087062715
5.814303264
7.464542033
8.749927113
9.702198362
10.5839694
11.29633316
9.294226867
7.365113574
6.831424987
7.590609128
7.253781561
6.942181037
8.856566802
9.969340756
10.4354185
11.12338041
11.27644285
11.31754102
11.19470538
9.803685271
10.05038328
9.571428571
9.222311012
9.00170052
9.578355702
11.02455515
12.54359744
13.26207574
13.16496588
12.78750985
13.00176597
13.41203389
13.59284025
12.3596199
11.50576608
9.811748476
7.722218144
6.093656789
4.108850577
1.936491673
-4.719153331
-7.517666268
-9.76379192
-11.32024554
-12.49673427
-13.67423467
-16.77978619
-17.6026146
-17.57679941
-16.69321016
-15.31639111
-14.10004342
-11.87283815
-8.866642371
-5.482346436
3.157433729
6.378375457
6.406708856
0.979379229
-7.931466653
-8.751093226
-9.266463562
-9.670067429
-9.364228506
-8.850227715
-8.530557318
-8.104231699
-8.30631675
-8.979000444
-9.558359948
-9.47607083
-9.740248918
-9.649732998
-9.627501
-10.37781189
-12.21929722
-12.57447203
-12.30853363
-11.6325546
-9.443710789
-5.229917859
6.005949431
7.095917193
8.091946109
8.221115173
8.48046976
8.502700651
8.379700935
9.205144968
10.79091644
10.70809345
9.733961167
7.703365286
2.541492411
-7.383102605
-10.61525664
-11.42924105
-11.70034013
-11.0196948
-10.45398079
-10.03285419
-9.653169089
-9.393875556
-9.235026491
-8.68466864
-7.541044154
-6.770283206
-6.268238694
-6.241729221
-6.434124586
-6.466554456
-6.53990888
-6.314463475
-5.976143047
-5.25424998
-4.726715216
-4.892205379
-5.68115395
-6.351522395
-6.724915598
-7.049026565
-7.19055503
-7.19232868
-6.942181037
-6.741207425
-6.522723232
-5.970163913
-5.231868593
-4.703993093
-4.916652254
-5.274118555
-5.327058383
-5.209880723
-4.835561297
-4.054475985
-2.673566753
-1.530306092
-1.207966752
-1.080910425
-0.883522634
-1.319013237
-2.117709583
-2.559496124
-2.618614683
-2.909344551
-3.343437068
-3.554244373
-3.794464282
-3.909042369
-3.917516915
-3.98914343
-3.712224703
-3.390412653
-2.916350809
-2.136896472
0.920292766
2.369017707
2.598076211
2.418044411
1.782854853
0.934049774
0.654653671
-0.866025404
1.424995525
2.690686886
3.480265061
3.929869915
4.098282368
3.969269711
3.677704475
3.027088586
1.971739106
1.255599702
1.515228817
2.208517833
2.221187401
3.534090536
4.159449532
4.718612733
5.240637911
5.517597081
5.473032216
4.996937838
4.305904821
3.385141603
2.505096845
0.717848259
-2.071428571
-3.063111663
-3.354101966
-3.610500559
-3.695004902
-3.721832991
-3.793791921
-3.8762753
-3.859787453
-3.451559837
-2.863386036
-2.285714286
-1.870828693
-1.320945858
-0.562429134
0.446071286
0.614451805
-1.435696517
-2.142857143
-2.703927604
-3.31585554
-3.714972464
-3.943478212
-4.13977718
-4.354214473
-4.39271196
-4.518104172
-4.60368087
-4.486373928
-4.229391812
-3.878249132
-3.444160986
-3.097892635
-2.953724733
-3.179975613
-3.49854197
-3.749829928
-3.674928848
-3.559265001
-3.552090503
-3.608380269
-3.828598081
-4.233611861
-4.423384059
-4.26961261
-4.526001975
-4.5
-4.448113565
-4.282141368
-4.03934729
-3.545621042
-2.642857143
-1.723191155
-1.241296228
-1.251529676
-1.566550871
-1.94569121
-2.268911453
-2.516273565
-2.20389266
-2.322252601
-2.400042517
-2.459882194
-2.567457251
-2.450530971
-2.175935173
-1.892520186
-1.451600102
-1
-0.742307489
-0.731925055
-0.63487103
-0.688832197
-0.868966076
-0.670059394
0.451753951
0.626783171
0.88640526
0.866025404
0.820651807
-0.839095723
-0.955649154
0.548653268
1.372098051
2.116504627
2.466096643
2.829328903
3.054772111
3.119229366
3.10200725
3.06227873
2.940741264
2.548508968
1.998724083
2.718980902
3.448602201
3.966054946
4.64065882
5.179925931
5.290056132
5.08649673
5.484207382
6.054177172
6.718084032
7.50340059
8.116812987
8.343395286
8.008605066
7.724860477
7.389319374
7.473422296
7.453940199
7.324476717
6.959430542
6.155717435
5.32418433
4.396775256
3.793119442
3.640755696
4.283332672
4.321871288
4.223959841
4.137311559
4.084565273
3.496353786
3.214285714
3.486124098
3.650552097
3.80587623
4.630202534
5.410684818
6.316886988
7.403115726
8.086900468
8.133139565
7.542397172
6.664710597
5.577835144
4.68388466
3.660322279
3.04221992
3.106937596
3.174355149
-3.660322279
-5.12496889
-6.159860189
-6.381973977
-5.483742205
-4.671341196
-2.845512041
2.907590348
6.663945023
9.145367959
10.95468402
12.73253105
13.60990786
13.28917006
13.17697435
11.95826074
10.33766642
7.539690894
0.811272621
-6.014014246
-7.628491171
-7.32029608
-6.768022048
-6.707062984
-5.304022347
-4.672433269
-3.831262381
-1.873553864
2.699206233
4.563609384
4.853990574
5.193697122
5.053792272
3.16227766
-3.155817433
-5.588800755
-7.226298344
-7.652530594
-8.347063519
-8.507199832
-8.329931278
-7.799463613
-7.65952788
-7.585230009
-7.15463315
-7.100948485
-6.78796955
-6.01443841
-4.964157244
-3.470723032
-2.154729018
-1.171515676
-0.440315286
0.202030509
-1.390565881
-0.584668055
1.985919825
3.273268354
4.916133374
6.563271335
7.47512883
7.867525607
7.903757825
7.909887896
8.468428763
9.328199511
9.922917198
10.51553758
10.55911445
9.534577246
8.746427842
8.01274495
7.144642634
6.26742469
6.089468996
5.625198409
5.070422435
5.479553833
5.711159859
5.332323459
-4.571428571
-8.791809732
-10.65842581
-11.00996765
-9.942949507
-6.480740698
6.861233899
12.03460147
14.55408632
14.99897956
14.03348765
10.30256556
-2.442188714
-10.8187762
-11.42142634
-8.746427842
-3.924673391
6.937402325
9.634917366
10.54436691
9.960380699
7.584893687
-1.124858268
-6.815348824
-9.40852848
-9.598841342
-7.400703221
4.344830379
8.641971619
8.37452405
6.721121141
5.488392204
6.491360035
9.799260697
14.78122775