 20 	 109788 
 21 	 107697 
 22 	 109780 
 23 	 111780 
 24 	 110528 
 25 	 110237 
 26 	 108852 
 27 	 112568 
 28 	 114996 	  
 30 	 113051 
 31 	 112865 
 32 	 111790 
 33 	 108161 
 34 	 108454 
 35 	 112248 
 36 	 108898 
 37 	 109106 
 38 	 106854 
 39 	 108146 
 40 	 109466 
 41 	 111865 
 42 	 113051 
 43 	 113925 
 44 	 110187 
 45 	 109535 
 46 	 108437 
 47 	 111193 
 48 	 109853 
 49 	 108864 
 50 	 111232 
 51 	 111876 
 52 	 112955 
 53 	 109816 
 54 	 111070 
 55 	 111484 
 56 	 113312 
 57 	 114803 
 58 	 112760 
 59 	 109233 
 60 	 110158 
 61 	 109094 
 62 	 109342 
 63 	 112784 
 64 	 113031 
 65 	 109173  	  
 67 	 109902 
 68 	 108592 
 69 	 112578 
 70 	 113574 
 71 	 113922 
 72 	 109616 
 73 	 113883 
 74 	 112539 
 75 	 110901 
 76 	 111462 
 77 	 112026 
 78 	 108343 
 79 	 108888 
 80 	 114338 
 81 	 115510 
 82 	 111111 
 83 	 110750 
 84 	 113870 
 85 	 115039 
 86 	 111417 
 87 	 115924 
 88 	 111533 
 89 	 113092 
 90 	 115499 
 91 	 110599 
 92 	 108850 
 93 	 112106 
 94 	 113183 
 95 	 114395 
 96 	 112689 
 97 	 111086 
 98 	 112952 
 99 	 113716 
 100 	 112087 
 101 	 114489 
 102 	 113389 
 103 	 111144 
 104 	 112619 
 105 	 113251 
 106 	 107879 
 107 	 108733 
 108 	 111724 
 109 	 111453 
 110 	 116267 
 111 	 110139 
 112 	 111110 
 113 	 107780 
 114 	 113226 
 115 	 111404 
 116 	 113062 
 117 	 112188 
 118 	 114370 
 119 	 112308 
 120 	 108489 
 121 	 116044 
 122 	 115122 
 123 	 116156 
 124 	 109598 
 125 	 114159 
 126 	 107241 
 127 	 112871 
 128 	 115965 
 129 	 114392 
 130 	 110167 
 131 	 110831 
 132 	 115709 
 133 	 112940 
 134 	 113846 
 135 	 115568 
 136 	 113765 
 137 	 114803 
 138 	 109088 
 139 	 111223 
 140 	 114534 
 141 	 112719 
 142 	 112408 
 143 	 116478 
 144 	 115077 
 145 	 110730 
 146 	 110578 
 147 	 113684 
 148 	 111484 
 149 	 113423 
 150 	 108914 
 151 	 115568 
 152 	 112367 
 153 	 114539 
 154 	 113704 
 155 	 108828 
 156 	 117035 
 157 	 112579 
 158 	 112086 
 159 	 119133 
 160 	 114702 
 161 	 107499 
 162 	 115837 
 163 	 112288 
 164 	 116067 
 165 	 110991 
 166 	 109384 
 167 	 113292 
 168 	 108385 
 169 	 114286 
 170 	 113542 
 171 	 112860 
 172 	 110119 
 173 	 113724 
 174 	 105636 
 175 	 109836 
 176 	 109335 
 177 	 109102 
 178 	 115233 
 179 	 110710 
 180 	 112711 
 181 	 113874 
 182 	 113874 
 183 	 110366 
 184 	 113554 
 185 	 113554 
 186 	 115002 
 187 	 111092 
 188 	 107536 
 189 	 106639 
 190 	 114313 
 191 	 113543 
 192 	 112015 
 193 	 112729 
 194 	 113724 
 195 	 111513 
 196 	 111830 
 197 	 112829 
 198 	 114682 
 199 	 113091 
 200 	 112137 
 201 	 112980 
 202 	 110050 
 203 	 113252 
 204 	 116834 
 205 	 116652 
 206 	 109874 
 207 	 113363 
 208 	 109988 
 209 	 112317 
 210 	 108552 
 211 	 112287 
 212 	 110726 
 213 	 118401 
 214 	 114153 
 215 	 109638 
 216 	 112186 
 217 	 109256 
 218 	 114053 
 219 	 110700 
 220 	 113089 
 221 	 110019 
 222 	 113672 
 223 	 111292 
 224 	 113378 
 225 	 112780 
 226 	 113630 
 227 	 113754 
 228 	 113916 
 229 	 113111 
 230 	 115376 
 231 	 110047 
 232 	 112357 
 233 	 113847 
 234 	 110051 
 235 	 111750 
 236 	 115374 
 237 	 112065 
 238 	 110351 
 239 	 108888 
 240 	 111815 
 241 	 114853 
 242 	 112961 
 243 	 115517 
 244 	 113724 
 245 	 114213 
 246 	 109956 
 247 	 115527 
 248 	 111452 
 249 	 111514 
 250 	 113807 
 251 	 113807 
 252 	 110635 
 253 	 114005 
 254 	 113011 
 255 	 110560 
 256 	 110156 
 257 	 113142 
 258 	 115295 
 259 	 110320 
 260 	 113372 
 261 	 108944 
 262 	 111311 
 263 	 115947 
 264 	 114722 
 265 	 115906 
 266 	 116312 
 267 	 112704 
 268 	 115205 
 269 	 111104 
 270 	 112609 
 271 	 114136 
 272 	 116672 
 273 	 113142 
 274 	 115515 
 275 	 111748 
 276 	 113398 
 277 	 108217 
 278 	 115960 
 279 	 114055 
 280 	 112327 
 281 	 112096 
 282 	 109225 
 283 	 113623 
 284 	 111719 
 285 	 110980 
 286 	 112206 
 287 	 114219 
 288 	 115417 
 289 	 109376 
 290 	 110801 
 291 	 111173 
 292 	 111775 
 293 	 110942 
 294 	 111544 
 295 	 108955 
 296 	 112367 
 297 	 111242 
 298 	 111986 
 299 	 112177 
 300 	 110569 
 301 	 111544 
 302 	 115036 
 303 	 112881 
 304 	 113576 
 305 	 112673 
 306 	 114321 
 307 	 106985 
 308 	 113392 
 309 	 112588 
 310 	 111706 
 311 	 115131 
 312 	 107812 
 313 	 112035 
 314 	 113398 
 315 	 112583 
 316 	 115783 
 317 	 114310 
 318 	 115429 
 319 	 111764 
 320 	 111252 
 321 	 111956 
 322 	 113545 
 323 	 110139 
 324 	 111423 
 325 	 111232 
 326 	 110504 
 327 	 108036 
 328 	 109233 
 329 	 109915 
 330 	 113722 
 331 	 113001 
 332 	 111092 
 333 	 112237 
 334 	 109713 
 335 	 106625 
 336 	 107840 
 337 	 111085 
 338 	 111514 
 339 	 111865 
 340 	 111855 
 341 	 109554 
 342 	 108394 
 343 	 111744 
 344 	 111750 
 345 	 111468 
 346 	 109698 
 347 	 110824 
 348 	 109767 
 349 	 114087 
 350 	 112137 
 351 	 115958 
 352 	 113377 
 353 	 111654 
 354 	 107929 
 355 	 109421 	  
 359 	 105073 
 360 	 105073 
 361 	 110650 
 362 	 110296 
 363 	 108382 
 364 	 108382 
 365 	 109114 
 366 	 113071 
 367 	 107674 
 368 	 112045 
 369 	 111172 
 370 	 107030 
 371 	 113916 
 372 	 112450 
 373 	 110971 
 374 	 105201 
 375 	 112367 
 376 	 109109 
 377 	 109554 
 378 	 110873 
 379 	 109566 
 380 	 112548 
 381 	 109474 
 382 	 111966 
 383 	 113925 
 384 	 107976 
 385 	 111754 
 386 	 107874 
 387 	 111192 
 388 	 112097 
 389 	 117238 
 390 	 107963 
 391 	 107963 
 392 	 110309 
 393 	 112428 
 394 	 110752 
 395 	 113112 
 396 	 113558 
 397 	 111990 
 398 	 110261 
 399 	 106521 
 400 	 113372 
 401 	 112589 
 402 	 113292 
 403 	 112608 
 404 	 113100 
 405 	 111966 
 406 	 111151 
 407 	 111785 
 408 	 107401 
 409 	 111111 
 410 	 109356 
 411 	 109356 
 412 	 110990 
 413 	 108635 
 414 	 112488 
 415 	 112368 
 416 	 108065 
 417 	 111017 
 418 	 107142 
 419 	 110499 
 420 	 114777 
 421 	 108693 
 422 	 108422 
 423 	 107221 
 424 	 108363 
 425 	 108363 
 426 	 109744 
 427 	 111071 
 428 	 112156 
 429 	 114791 
 430 	 113172 
 431 	 112307 
 432 	 110699 
 433 	 109566 
 434 	 110685 
 435 	 114469 
 436 	 111312 
 437 	 111634 
 438 	 109189 
 439 	 111976 
 440 	 108164 
 441 	 109029 
 442 	 109612 
 443 	 109805 
 444 	 110861 
 445 	 106124 
 446 	 113603 
 447 	 113603 
 448 	 110851 
 449 	 114851 
 450 	 112670 
 451 	 113705 
 452 	 110951 
 453 	 110764 
 454 	 112394 
 455 	 113280 
 456 	 111976 
 457 	 111654 
 458 	 111946 
 459 	 113141 
 460 	 111960 
 461 	 109072 
 462 	 114891 
 463 	 114258 
 464 	 112750 
 465 	 111442 
 466 	 113781 
 467 	 113210 
 468 	 112045 
 469 	 110076 
 470 	 110035 
 471 	 111483 
 472 	 111654 
 473 	 113599 
 474 	 112769 
 475 	 113318 
 476 	 114180 
 477 	 112720 
 478 	 109013 
 479 	 109415 
 480 	 115120 
 481 	 112443 
 482 	 112503 
 483 	 108521 
 484 	 109805 
 485 	 114030 
 486 	 111684 
 487 	 114809 
 488 	 112789 
 489 	 116621 
 490 	 108327 
 491 	 114386 
 492 	 115144 
 493 	 112856 
 494 	 115584 
 495 	 111061 
 496 	 113832 
 497 	 112226 
 498 	 113545 
 499 	 109404 
 500 	 109404 
 501 	 108824 
 502 	 108824 
 503 	 115852 
 504 	 115852 
 505 	 112488 
 506 	 113041 
 507 	 111915 
 508 	 113230 
 509 	 117866 
 510 	 108304 
 511 	 111072 
 512 	 115253 
 513 	 114136 
 514 	 109625 
 515 	 111025 
 516 	 112408 
 517 	 105202 
 518 	 116655 
 519 	 113576 
 520 	 110159 
 521 	 112799 
 522 	 109660 
 523 	 113485 
 524 	 111654 
 525 	 113343 
 526 	 112770 
 527 	 109554 
 528 	 111895 
 529 	 108529 
 530 	 109943 
 531 	 108136 
 532 	 112117 
 533 	 118622 
 534 	 116272 
 535 	 114559 
 536 	 111231 
 537 	 114618 
 538 	 112945 
 539 	 113507 
 540 	 110740 
 541 	 113212 
 542 	 115781 
 543 	 109114 
 544 	 112201 
 545 	 111357 
 546 	 118368 
 547 	 111140 
 548 	 109756 
 549 	 113725 
 550 	 111744 
 551 	 116103 
 552 	 112006 
 553 	 113494 
 554 	 113699 
 555 	 108438 
 556 	 108707 
 557 	 112331 
 558 	 119002 
 559 	 109775 
 560 	 118560 
 561 	 111221 
 562 	 112379 
 563 	 114638 
 564 	 111151 
 565 	 112555 
 566 	 112252 
 567 	 111091 
 568 	 108852 
 569 	 108628 
 570 	 107235 
 571 	 107235 
 572 	 114119 
 573 	 111613 
 574 	 111885 
 575 	 111795 
 576 	 111795 
 577 	 112006 
 578 	 114432 
 579 	 113072 
 580 	 114501 
 581 	 111472 
 582 	 116535 
 583 	 109312 
 584 	 117356 
 585 	 115300 
 586 	 114900 
 587 	 115129 
 588 	 113383 
 589 	 112689 
 590 	 115077 
 591 	 113214 
 592 	 113485 
 593 	 114388 
 594 	 114127 
 595 	 115300 
 596 	 112117 
 597 	 116126 
 598 	 111976 
 599 	 115202 
 600 	 112186 
 601 	 112730 
 602 	 108896 
 603 	 119581 
 604 	 108037 
 605 	 111889 
 606 	 118266 
 607 	 113218 
 608 	 115111 
 609 	 113582 
 610 	 113434 
 611 	 113647 
 612 	 111754 
 613 	 113727 
 614 	 112307 
 615 	 107555 
 616 	 114848 
 617 	 111115 
 618 	 117840 
 619 	 107536 
 620 	 115240 
 621 	 115630 
 622 	 116345 
 623 	 112358 
 624 	 113292 
 625 	 113294 
 626 	 110827 
 627 	 110253 
 628 	 116283 
 629 	 110901 
 630 	 117513 
 631 	 112520 
 632 	 112520 
 633 	 115615 
 634 	 115615 
 635 	 112117 
 636 	 112117 
 637 	 109506 
 638 	 112669 
 639 	 117976 
 640 	 113454 
 641 	 112776 
 642 	 113292 
 643 	 112508 
 644 	 115266 
 645 	 112459 
 646 	 114848 
 647 	 113303 
 648 	 111885 
 649 	 113624 
 650 	 110427 
 651 	 113948 
 652 	 113083 
 653 	 111996 
 654 	 115597 
 655 	 112710 
 656 	 115165 
 657 	 111719 
 658 	 110699 
 659 	 113879 
 660 	 112840 
 661 	 114570 
 662 	 109613 
 663 	 113323 
 664 	 117859 
 665 	 112389 
 666 	 113454 
 667 	 110875 
 668 	 112060 
 669 	 113748 
 670 	 114219 
 671 	 111694 
 672 	 115205 
 673 	 115205 
 674 	 114273 
 675 	 115939 
 676 	 117362 
 677 	 113807 
 678 	 117274 
 679 	 117232 
 680 	 113132 
 681 	 114313 
 682 	 116037 
 683 	 116848 
 684 	 115924 
 685 	 116484 
 686 	 115319 
 687 	 114404 
 688 	 115572 
 689 	 114452 
 690 	 111553 
 691 	 113756 
 692 	 120237 
 693 	 116089 
 694 	 114670 
 695 	 115437 
 696 	 116690 
 697 	 110880 
 698 	 111101 
 699 	 111623 
 700 	 112700 
 701 	 111426 
 702 	 116227 
 703 	 112926 
 704 	 110699 
 705 	 115709 
 706 	 113860 
 707 	 113263 
 708 	 111514 
 709 	 113135 
 710 	 114481 
 711 	 114481 
 712 	 115428 
 713 	 113437 
 714 	 112710 
 715 	 113133 	  
 720 	 111312 
 721 	 112366 
 722 	 111589 
 723 	 109466 
 724 	 115660 
 725 	 113025 
 726 	 113441 
 727 	 110440 
 728 	 114960 
 729 	 108625 
 730 	 109856 
 731 	 112468 
 732 	 114171 
 733 	 108414 
 734 	 112010 
 735 	 111905 
 736 	 109705 
 737 	 109816 
 738 	 110657 
 739 	 115857 
 740 	 110198 
 741 	 114213 
 742 	 110151 
 743 	 113497 
 744 	 112423 
 745 	 109716 
 746 	 107812 
 747 	 112277 
 748 	 111203 
 749 	 108679 
 750 	 111432 
 751 	 110732 
 752 	 110537 
 753 	 110336 
 754 	 108646 
 755 	 108264 
 756 	 111041 
 757 	 110872 
 758 	 107943 
 759 	 108010 
 760 	 110528 
 761 	 115605 
 762 	 111694 
 763 	 113192 
 764 	 112931 
 765 	 111508 
 766 	 112700 
 767 	 112852 
 768 	 107090 
 769 	 110872 
 770 	 113174 
 771 	 114420 
 772 	 115359 
 773 	 115359 
 774 	 113238 
 775 	 108247 
 776 	 107577 
 777 	 108244 
 778 	 110680 
 779 	 108037 
 780 	 106488 
 781 	 112116 
 782 	 109034 
 783 	 109022 
 784 	 112924 
 785 	 108358 
 786 	 112952 
 787 	 109339 
 788 	 114025 
 789 	 109709 
 790 	 114086 
 791 	 113122 
 792 	 111160 
 793 	 115397 
 794 	 113807 
 795 	 115924 
 796 	 108533 
 797 	 111432 
 798 	 112589 
 799 	 113574 
 800 	 113052 
 801 	 115054 
 802 	 109736 
 803 	 110372 
 804 	 110544 
 805 	 113374 
 806 	 114916 
 807 	 110076 
 808 	 112237 
 809 	 111523 
 810 	 114521 
 811 	 111684 
 812 	 115678 
 813 	 110329 
 814 	 111176 
 815 	 109764 
 816 	 116749 
 817 	 113565 
 818 	 113274 
 819 	 109512 
 820 	 112508 
 821 	 111130 
 822 	 112911 
 823 	 115459 
 824 	 114489 
 825 	 111533 
 826 	 112439 
 827 	 114484 
 828 	 113423 
 829 	 114702 
 830 	 113736 
 831 	 111462 
 832 	 111575 
 833 	 113127 
 834 	 115336 
 835 	 111684 
 836 	 111147 
 837 	 112825 
 838 	 113636 
 839 	 114775 
 840 	 111130 
 841 	 114068 
 842 	 113051 
 843 	 110819 
 844 	 113616 
 845 	 115015 
 846 	 115015 
 847 	 114945 
 848 	 112508 
 849 	 111815 
 850 	 114139 
 851 	 114465 
 852 	 114627 
 853 	 112057 
 854 	 111041 
 855 	 113886 
 856 	 115773 
 857 	 115417 
 858 	 113292 
 859 	 116172 
 860 	 112670 
 861 	 113063 
 862 	 112940 
 863 	 110548 
 864 	 112651 
 865 	 116559 
 866 	 115165 
 867 	 113830 
 868 	 111825 
 869 	 111899 
 870 	 113303 
 871 	 113123 
 872 	 110307 
 873 	 112771 
 874 	 111625 
 875 	 112654 
 876 	 113921 
 877 	 113301 
 878 	 110959 
 879 	 116353 
 880 	 113194 
 881 	 112629 
 882 	 116219 
 883 	 110497 
 884 	 115151 
 885 	 114172 
 886 	 116600 
 887 	 113152 
 888 	 112600 
 889 	 115409 
 890 	 115177 
 891 	 111131 
 892 	 112056 
 893 	 118485 
 894 	 117266 
 895 	 118281 
 896 	 114395 
 897 	 112569 
 898 	 111678 
 899 	 113047 
 900 	 113047 
 901 	 110243 
 902 	 116192 
 903 	 112851 
 904 	 110147 
 905 	 114676 
 906 	 119356 
 907 	 114676 
 908 	 114827 
 909 	 112328 
 910 	 113487 
 911 	 116434 
 912 	 112867 
 913 	 114676 
 914 	 113977 
 915 	 112530 
 916 	 116111 
 917 	 108701 
 918 	 114595 
 919 	 111041 
 920 	 111019 
 921 	 112941 
 922 	 118500 
 923 	 116247 
 924 	 115253 
 925 	 114783 
 926 	 109943 
 927 	 110176 
 928 	 116433 
 929 	 110772 
 930 	 114741 
 931 	 114380 
 932 	 117858 
 933 	 114382 
 934 	 112308 
 935 	 112308 
 936 	 113403 
 937 	 113878 
 938 	 116328 
 939 	 114493 
 940 	 117019 
 941 	 116563 
 942 	 110984 
 943 	 111291 
 944 	 117469 
 945 	 109973 
 946 	 113568 
 947 	 117659 
 948 	 115048 
 949 	 118371 
 950 	 111784 
 951 	 112996 
 952 	 115082 
 953 	 113385 
 954 	 113766 
 955 	 110528 
 956 	 116703 
 957 	 113112 
 958 	 113656 
 959 	 114441 
 960 	 112328 
 961 	 112520 
 962 	 118074 
 963 	 118382 
 964 	 111553 
 965 	 115527 
 966 	 114493 
 967 	 112780 
 968 	 116738 
 969 	 112248 
 970 	 115812 
 971 	 115177 
 972 	 113217 
 973 	 116043 
 974 	 110868 
 975 	 116419 
 976 	 113787 
 977 	 114032 
 978 	 117864 
 979 	 108632 
 980 	 115092 
 981 	 116206 
 982 	 109822 
 983 	 109027 
 984 	 110870 
 985 	 110216 
 986 	 113272 
 987 	 113272 
 988 	 112811 
 989 	 115868 
 990 	 112904 
 991 	 114217 
 992 	 111699 
 993 	 111754 
 994 	 115011 
 995 	 115461 
 996 	 114905 
 997 	 114423 
 998 	 110016 
 999 	 110659 
 1000 	 113380 
 1001 	 113210 
 1002 	 116802 
 1003 	 112840 
 1004 	 114807 
 1005 	 112921 
 1006 	 110636 
 1007 	 112680 
 1008 	 109697 
 1009 	 108787 
 1010 	 109836 
 1011 	 119382 
 1012 	 112307 
 1013 	 116083 
 1014 	 111211 
 1015 	 113027 
 1016 	 109736 
 1017 	 109996 
 1018 	 112853 
 1019 	 112227 
 1020 	 116670 
 1021 	 113873 
 1022 	 114487 
 1023 	 116098 
 1024 	 111694 
 1025 	 110517 
 1026 	 116506 
 1027 	 108227 
 1028 	 113523 
 1029 	 114261 
 1030 	 116190 
 1031 	 111070 
 1032 	 111724 
 1033 	 110788 
 1034 	 112770 
 1035 	 108597 
 1036 	 108284 
 1037 	 107580 
 1038 	 110798 
 1039 	 106759 
 1040 	 106207 
 1041 	 107582 
 1042 	 107332 
 1043 	 106540 
 1044 	 107451 
 1045 	 105148 
 1046 	 105046 
 1047 	 102373 
 1048 	 102904 
 1049 	 105991 
 1050 	 103923 
 1051 	 103987 
 1052 	 105182 
 1053 	 105683 
 1054 	 102577 
 1055 	 105308 
 1056 	 105308 
 1057 	 106739 
 1058 	 106739 
 1059 	 100550 
 1060 	 100550 
 1061 	 100439 
 1062 	 103272 
 1063 	 102411 
 1064 	 107578 
 1065 	 105946 
 1066 	 105543 
 1067 	 105863 
 1068 	 105086 
 1071 	 122096 
 1072 	 121324 
 1073 	 126083 
 1074 	 128704 
 1075 	 125406 
 1076 	 126795 
 1077 	 128187 
 1078 	 127480 
 1079 	 128690 
 1080 	 130923 
 1081 	 131636 
 1082 	 128223 
 1083 	 127486 
 1084 	 130921 
 1085 	 129342 
 1086 	 129383 
 1087 	 128112 
 1088 	 128711 
 1089 	 122451 
 1090 	 126490 
 1091 	 126055 
 1092 	 131173 
 1093 	 131241 
 1094 	 129547 
 1095 	 131415 
 1096 	 128002 
 1097 	 128968 
 1098 	 133461 
 1099 	 128906 
 1100 	 124562 
 1101 	 128090 
 1102 	 130376 
 1103 	 128839 
 1104 	 130594 
 1105 	 125882 
 1106 	 128166 
 1107 	 130334 
 1108 	 126555 
 1109 	 125753 
 1110 	 128025 
 1111 	 126784 
 1112 	 129013 
 1113 	 129962 
 1114 	 126828 
 1115 	 127153 
 1116 	 127443 
 1117 	 128542 
 1118 	 129103 
 1119 	 128558 
 1120 	 127153 
 1121 	 129008 
 1122 	 127343 
 1123 	 124188 
 1124 	 130167 
 1125 	 126359 
 1126 	 126877 
 1127 	 128433 
 1128 	 128433 
 1129 	 130858 
 1130 	 126619 
 1131 	 126619 
 1132 	 127806 
 1133 	 130293 
 1134 	 128840 
 1135 	 123989 
 1136 	 124674 
 1137 	 128230 
 1138 	 128318 
 1139 	 128296 
 1140 	 123905 
 1141 	 127844 
 1142 	 124252 
 1143 	 126185 
 1144 	 129562 
 1145 	 130330 
 1146 	 133465 
 1147 	 127553 
 1148 	 127252 
 1149 	 132732 
 1150 	 130969 
 1151 	 129891 
 1152 	 129040 
 1153 	 125366 
 1154 	 127589 
 1155 	 132884 
 1156 	 128068 
 1157 	 127011 
 1158 	 127980 
 1159 	 128274 
 1160 	 127916 
 1161 	 127763 
 1162 	 124422 
 1163 	 131034 
 1164 	 132228 
 1165 	 128020 
 1166 	 129853 
 1167 	 127835 
 1168 	 126511 
 1169 	 128069 
 1170 	 128295 
 1171 	 130422 
 1172 	 128361 
 1173 	 123470 
 1174 	 129724 
 1175 	 129724 
 1176 	 128090 
 1177 	 129363 
 1178 	 128536 
 1179 	 127544 
 1180 	 127306 
 1181 	 129955 
 1182 	 125881 
 1183 	 123336 
 1184 	 125122 
 1185 	 128601 
 1186 	 122575 
 1187 	 127818 
 1188 	 125514 
 1189 	 125365 
 1190 	 124314 
 1191 	 126915 
 1192 	 129233 
 1193 	 126576 
 1194 	 133095 
 1195 	 122355 
 1196 	 128177 
 1197 	 131191 
 1198 	 128243 
 1199 	 124717 
 1200 	 131777 
 1201 	 127850 
 1202 	 130873 
 1203 	 131255 
 1204 	 124269 
 1205 	 131027 
 1206 	 126852 
 1207 	 127400 
 1208 	 126228 
 1209 	 126424 
 1210 	 126576 	  
 1222 	 125329 
 1223 	 125329 
 1224 	 126504 
 1225 	 129261 
 1226 	 128397 
 1227 	 129674 
 1228 	 127581 
 1229 	 125261 
 1230 	 129898 
 1231 	 127894 
 1232 	 128775 
 1233 	 128134 
 1234 	 135446 
 1235 	 129605 
 1236 	 127153 
 1237 	 130991 
 1238 	 127501 
 1239 	 124264 
 1240 	 128858 
 1241 	 125476 
 1242 	 130129 
 1243 	 125308 
 1244 	 131193 
 1245 	 124007 
 1246 	 132378 
 1247 	 124545 
 1248 	 124915 
 1249 	 126857 
 1250 	 125782 
 1251 	 130448 
 1252 	 130309 
 1253 	 124486 
 1254 	 126275 
 1255 	 128558 
 1256 	 132162 
 1257 	 127980 
 1258 	 127480 
 1259 	 125946 
 1260 	 127328 
 1261 	 132020 
 1262 	 127415 
 1263 	 131742 
 1264 	 125499 
 1265 	 129037 
 1266 	 130769 
 1267 	 125793 
 1268 	 125032 
 1269 	 125215 
 1270 	 129124 
 1271 	 131899 
 1272 	 127095 
 1273 	 128035 
 1274 	 127872 
 1275 	 128002 
 1276 	 129524 
 1277 	 125373 
 1278 	 132579 
 1279 	 126946 
 1280 	 126806 
 1281 	 126600 
 1282 	 124351 
 1283 	 128884 
 1284 	 126139 
 1285 	 130184 
 1286 	 124558 
 1287 	 124558 
 1288 	 128127 
 1289 	 128127 
 1290 	 127851 
 1291 	 125221 
 1292 	 132713 
 1293 	 128129 
 1294 	 128514 
 1295 	 129189 
 1296 	 134984 
 1297 	 127937 
 1298 	 126969 
 1299 	 124889 
 1300 	 127436 
 1301 	 133041 
 1302 	 126947 
 1303 	 131091 
 1304 	 130135 
 1305 	 130858 
 1306 	 130158 
 1307 	 131386 
 1308 	 128667 
 1309 	 132045 
 1310 	 128730 
 1311 	 134150 
 1312 	 128776 
 1313 	 132382 
 1314 	 130334 
 1315 	 126164 
 1316 	 128558 
 1317 	 132336 
 1318 	 124163 
 1319 	 132027 
 1320 	 129693 
 1321 	 127697 
 1322 	 130725 
 1323 	 128718 
 1324 	 127694 
 1325 	 131260 
 1326 	 130180 
 1327 	 128799 
 1328 	 129159 
 1329 	 128688 
 1330 	 127263 
 1331 	 130551 
 1332 	 127720 
 1333 	 127327 
 1334 	 124748 
 1335 	 124768 
 1336 	 126357 
 1337 	 128754 
 1338 	 128536 
 1339 	 129451 
 1340 	 127894 
 1341 	 129723 
 1342 	 126533 
 1343 	 129080 
 1344 	 128580 
 1345 	 129125 
 1346 	 131258 
 1347 	 125800 
 1348 	 126665 
 1349 	 126958 
 1350 	 131326 
 1351 	 127567 
 1352 	 128536 
 1353 	 125945 
 1354 	 128470 
 1355 	 126663 
 1356 	 126663 
 1357 	 126633 
 1358 	 129036 
 1359 	 127164 
 1360 	 127611 
 1361 	 131084 
 1362 	 126292 
 1363 	 125260 
 1364 	 125519 
 1365 	 124484 
 1366 	 129599 
 1367 	 130690 
 1368 	 129210 
 1369 	 125644 
 1370 	 124387 
 1371 	 123382 
 1372 	 124958 
 1373 	 123342 
 1374 	 124737 
 1375 	 126295 
 1376 	 125697 
 1377 	 126376 
 1378 	 122325 
 1379 	 126860 
 1380 	 127110 
 1381 	 124446 
 1382 	 124503 
 1383 	 127220 
 1384 	 124592 
 1385 	 121044 
 1386 	 126664 
 1387 	 127823 
 1388 	 130344 
 1389 	 123746 
 1390 	 124155 
 1391 	 126402 
 1392 	 124372 
 1393 	 124761 
 1394 	 125819 
 1395 	 126445 
 1396 	 127351 
 1397 	 128491 
 1398 	 125665 
 1399 	 126881 
 1400 	 129657 
 1401 	 129037 
 1402 	 125643 
 1403 	 127806 
 1404 	 128295 
 1405 	 124332 
 1406 	 124639 
 1407 	 127671 
 1408 	 123604 
 1409 	 124982 
 1410 	 122285 
 1411 	 124089 
 1412 	 124089 
 1413 	 128724 
 1414 	 126198 
 1415 	 125038 
 1416 	 126752 
 1417 	 121661 
 1418 	 129666 
 1419 	 126681 
 1420 	 127828 
 1421 	 123828 
 1422 	 124358 
 1423 	 126318 
 1424 	 121517 
 1425 	 120551 
 1426 	 120938   
 1432 	 119889 
 1433 	 127112 
 1434 	 122894 
 1435 	 123024 
 1436 	 121586 
 1437 	 129787 
 1438 	 125693 
 1439 	 126811 
 1440 	 123929 
 1441 	 127241 
 1442 	 127262 
 1443 	 126968 
 1444 	 126433 
 1445 	 126617 
 1446 	 127589 
 1447 	 125736 
 1448 	 125411 
 1449 	 125171 
 1450 	 125171 
 1451 	 127676 
 1452 	 124933 
 1453 	 123710 
 1454 	 130636 
 1455 	 125520 
 1456 	 127538 
 1457 	 128872 
 1458 	 122005 
 1459 	 127007 
 1460 	 126149 
 1461 	 125997 
 1462 	 123657 
 1463 	 122221 
 1464 	 126706 
 1465 	 123192 
 1466 	 130469 
 1467 	 127959 
 1468 	 129497 
 1469 	 127872 
 1470 	 127530 
 1471 	 130923 
 1472 	 130221 
 1473 	 124888 
 1474 	 125651 
 1475 	 122723 
 1476 	 128134 
 1477 	 125321 
 1478 	 121586 
 1479 	 126902 
 1480 	 125365 
 1481 	 128199 
 1482 	 125650 
 1483 	 128493 
 1484 	 126815 
 1485 	 129759 
 1486 	 123850 
 1487 	 126770 
 1488 	 126553 
 1489 	 128646 
 1490 	 124812 
 1491 	 124356 
 1492 	 126149 
 1493 	 127596 
 1494 	 129209 
 1495 	 125185 
 1496 	 125190 
 1497 	 125801 
 1498 	 128951 
 1499 	 125626 
 1500 	 126020 
 1501 	 127159 
 1502 	 126443 
 1503 	 127153 
 1504 	 127054 
 1505 	 126663 
 1506 	 127425 
 1507 	 126509 
 1508 	 127785 
 1509 	 129869 
 1510 	 128842 
 1511 	 125607 
 1512 	 127121 
 1513 	 128777 
 1514 	 127207 
 1515 	 126002 
 1516 	 123833 
 1517 	 123833 
 1518 	 124894 
 1519 	 121142 
 1520 	 121428 
 1521 	 121428 
 1522 	 124334 
 1523 	 125351 
 1524 	 129457 
 1525 	 125842 
 1526 	 127622 
 1527 	 131614 
 1528 	 131527 
 1529 	 136118 
 1530 	 133528 
 1531 	 136284 
 1532 	 131613 
 1533 	 134125 
 1534 	 133259 
 1535 	 135298 
 1536 	 129235 
 1537 	 136392 
 1538 	 131282 
 1539 	 135167 
 1540 	 133754 
 1541 	 128974 
 1542 	 132140 
 1543 	 133729 
 1544 	 133846 
 1545 	 135903 
 1546 	 135667 
 1547 	 137105 
 1548 	 133051 
 1549 	 133289 
 1550 	 140409 
 1551 	 133345 
 1552 	 135691 
 1553 	 133356 
 1554 	 134513 
 1555 	 138665 
 1556 	 136203 
 1557 	 132910 
 1558 	 133608 
 1559 	 135989 
 1560 	 135149 
 1561 	 137905 
 1562 	 133703 
 1563 	 136124 
 1564 	 138592 
 1565 	 135681 
 1566 	 131685 
 1567 	 135262 
 1568 	 133824 
 1569 	 130689 
 1570 	 139448 
 1571 	 133886 
 1572 	 135863 
 1573 	 132532 
 1574 	 130932 
 1575 	 137748 
 1576 	 135053 
 1577 	 136873 
 1578 	 134307 
 1579 	 133551 
 1580 	 137883 
 1581 	 136449 
 1582 	 133464 
 1583 	 135831 
 1584 	 133150 
 1585 	 134225 
 1586 	 136152 
 1587 	 135574 
 1588 	 137545 
 1589 	 131749 
 1590 	 136187 
 1591 	 128222 
 1592 	 134897 
 1593 	 134897 
 1594 	 138773 
 1595 	 128719 
 1596 	 135104 
 1597 	 136084 
 1598 	 132332 
 1599 	 134420 
 1600 	 128893 
 1601 	 138466 
 1602 	 132400 
 1603 	 135416 
 1604 	 135908 
 1605 	 138480 
 1606 	 137980 
 1607 	 137657 
 1608 	 137145 
 1609 	 135745 
 1610 	 135574 
 1611 	 135523 
 1612 	 133667 
 1613 	 140386 
 1614 	 134442 
 1615 	 136250 
 1616 	 132710 
 1617 	 134838 
 1618 	 135920 
 1619 	 134858 
 1620 	 135414 
 1621 	 133644 
 1622 	 134697 
 1623 	 137714 
 1624 	 134806 
 1625 	 134946 
 1626 	 133576 
 1627 	 135149 
 1628 	 136453 
 1629 	 132808 
 1630 	 137817 
 1631 	 135388 
 1632 	 135681 
 1633 	 134702 
 1634 	 135745 
 1635 	 133151 
 1636 	 135172 
 1637 	 135212 
 1638 	 131791 
 1639 	 137905 
 1640 	 137781 
 1641 	 136017 
 1642 	 139335 
 1643 	 135908 
 1644 	 131819 
 1645 	 135831 
 1646 	 138368 
 1647 	 138274 
 1648 	 135009 
 1649 	 133797 
 1650 	 133296 
 1651 	 132356 
 1652 	 139335 
 1653 	 137213 
 1654 	 136271 
 1655 	 132360 
 1656 	 132360 
 1657 	 137078 
 1658 	 135360 
 1659 	 137375 
 1660 	 137456 
 1661 	 134294 
 1662 	 137133 
 1663 	 133805 
 1664 	 134381 
 1665 	 135664 
 1666 	 137801 
 1667 	 138156 
 1668 	 131238 
 1669 	 134243 
 1670 	 139037 
 1671 	 133909 
 1672 	 136176 
 1673 	 138858 
 1674 	 133643 
 1675 	 136295 
 1676 	 138010 
 1677 	 133200 
 1678 	 133371 
 1679 	 136671 
 1680 	 135655 
 1681 	 136073 
 1682 	 135297 
 1683 	 137717 
 1684 	 130641   
 1686 	 120659 
 1687 	 120659 
 1688 	 110518 
 1689 	 110609 
 1690 	 112833 
 1691 	 108230 
 1692 	 112388 
 1693 	 110069 
 1694 	 109189 
 1695 	 110619 
 1696 	 114229 
 1697 	 113604 
 1698 	 117962 
 1699 	 110323 
 1700 	 112307 
 1701 	 113707 
 1702 	 116929 
 1703 	 113111 
 1704 	 111685 
 1705 	 114690 
 1706 	 114974 
 1707 	 116637 
 1708 	 112006 
 1709 	 110580 
 1710 	 114224 
 1711 	 116286 
 1712 	 113540 
 1713 	 109725 
 1714 	 112809 
 1715 	 116128 
 1716 	 113863 
 1717 	 114809 
 1718 	 111262 
 1719 	 115299 
 1720 	 121971 
 1721 	 113708 
 1722 	 116246 
 1723 	 118353 
 1724 	 117040 
 1725 	 116785 
 1726 	 117452 
 1727 	 111574 
 1728 	 108274 
 1729 	 111573 
 1730 	 112467 
 1731 	 114694 
 1732 	 116615 
 1733 	 115638 
 1734 	 114742 
 1735 	 115756 
 1736 	 118939 
 1737 	 116198 
 1738 	 119898 
 1739 	 115555 
 1740 	 114672 
 1741 	 116785 
 1742 	 114327 
 1743 	 115653 
 1744 	 116655 
 1745 	 112126 
 1746 	 116526 
 1747 	 118690 
 1748 	 116020 
 1749 	 112700 
 1750 	 115442 
 1751 	 115152 
 1752 	 113192 
 1753 	 114215 
 1754 	 114286 
 1755 	 110237 
 1756 	 115261 
 1757 	 119804 
 1758 	 112658 
 1759 	 118582 
 1760 	 113089 
 1761 	 113089 
 1762 	 116369 
 1763 	 115018 
 1764 	 112892 
 1765 	 112892 
 1766 	 118878 
 1767 	 109395 
 1768 	 115627 
 1769 	 115738 
 1770 	 115092 
 1771 	 113921 
 1772 	 114521 
 1773 	 110972 
 1774 	 114527 
 1775 	 113172 
 1776 	 115303 
 1777 	 118243 
 1778 	 115339 
 1779 	 114017 
 1780 	 116772 
 1781 	 115944 
 1782 	 115457 
 1783 	 114420 
 1784 	 112891 
 1785 	 114650 
 1786 	 113062 
 1787 	 113160 
 1788 	 113968 
 1789 	 113074 
 1790 	 114484 
 1791 	 113988 
 1792 	 116192 
 1793 	 112065 
 1794 	 115010 
 1795 	 117013 
 1796 	 114757 
 1797 	 110993 
 1798 	 114920 
 1799 	 117047 
 1800 	 116848 
 1801 	 112728 
 1802 	 111312 
 1803 	 120490 
 1804 	 115783 
 1805 	 114908 
 1806 	 116943 
 1807 	 117013 
 1808 	 117550   
 1810 	 114198 
 1811 	 115449 
 1812 	 114633 
 1813 	 117129 
 1814 	 114338 
 1815 	 116657 
 1816 	 111474 
 1817 	 114100 
 1818 	 115246 
 1819 	 115400 
 1820 	 113922 
 1821 	 112904 
 1822 	 114365 
 1823 	 116005 
 1824 	 111986 
 1825 	 119073 
 1826 	 114184 
 1827 	 116451 
 1828 	 117934 
 1829 	 118782 
 1830 	 112467 
 1831 	 113616 
 1832 	 115070 
 1833 	 116105 
 1834 	 116512 
 1835 	 113560 
 1836 	 116047 
 1837 	 118119 
 1838 	 115487 
 1839 	 115686 
 1840 	 115189 
 1841 	 115811 
 1842 	 113563 
 1843 	 115291 
 1844 	 115291 
 1845 	 117006 
 1846 	 117522 
 1847 	 113938 
 1848 	 117385 
 1849 	 116953 
 1850 	 117948 
 1851 	 115249 
 1852 	 115640 
 1853 	 120414 
 1854 	 116314 
 1855 	 113604 
 1856 	 114045 
 1857 	 113454 
 1858 	 115307 
 1859 	 116841 
 1860 	 111593 
 1861 	 114875 
 1862 	 115400 
 1863 	 116395 
 1864 	 115756 
 1865 	 115278 
 1866 	 117263 
 1867 	 122709 
 1868 	 123252 
 1869 	 129609 
 1870 	 124730 
 1871 	 127542 
 1872 	 126168 
 1873 	 129022 
 1874 	 128783 
 1875 	 130270 
 1876 	 133007 
 1877 	 127709 
 1878 	 126871 
 1879 	 131368 
 1880 	 129434 
 1881 	 126332 
 1882 	 129022 
 1883 	 132234 
 1884 	 127520 
 1885 	 131904 
 1886 	 128008 
 1887 	 129521 
 1888 	 131513 
 1889 	 130967 
 1890 	 129834 
 1891 	 126697 
 1892 	 131163 
 1893 	 132487 
 1894 	 131883 
 1895 	 128273 
 1896 	 129348 
 1897 	 125753 
 1898 	 130791 
 1899 	 125801 
 1900 	 127599 
 1901 	 130139 
 1902 	 130119 
 1903 	 126896 
 1904 	 131922 
 1905 	 126125 
 1906 	 126125 
 1907 	 122337 
 1908 	 128740 
 1909 	 128266 
 1910 	 130468 
 1911 	 129944 
 1912 	 128291 
 1913 	 126765 
 1914 	 127644 
 1915 	 126658 
 1916 	 128404 
 1917 	 129455 
 1918 	 131388 
 1919 	 128761 
 1920 	 133004 
 1921 	 130009 
 1922 	 128469 
 1923 	 127861 
 1924 	 128426 
 1925 	 130422 
 1926 	 126960 
 1927 	 129191 
 1928 	 130672 
 1929 	 131969 
 1930 	 126657 
 1931 	 126830 
 1932 	 128207 
 1933 	 130659 
 1934 	 129813 
 1935 	 131077 
 1936 	 128587 
 1937 	 133117 
 1938 	 129044 
 1939 	 129986 
 1940 	 124942 
 1941 	 133355 
 1942 	 129542 
 1943 	 129827 
 1944 	 133083 
 1945 	 129544 
 1946 	 127839 
 1947 	 127839 
 1948 	 128768 
 1949 	 126765 
 1950 	 127149 
 1951 	 128071 
 1952 	 129023 
 1953 	 126152 
 1954 	 126940 
 1955 	 125863 
 1956 	 134409 
 1957 	 131819 
 1958 	 130748 
 1959 	 128229 
 1960 	 123505 
 1961 	 131561 
 1962 	 131099 
 1963 	 131315 
 1964 	 132088 
 1965 	 128685 
 1966 	 128121 
 1967 	 130212 
 1968 	 130245 
 1969 	 129435 
 1970 	 130813 
 1971 	 128093 
 1972 	 130030 
 1973 	 126614 
 1974 	 134061 
 1975 	 129921 
 1976 	 128143 
 1977 	 131971 
 1978 	 131731 
 1979 	 134230 
 1980 	 130637 
 1981 	 132023 
 1982 	 125771 
 1983 	 130333 
 1984 	 125043 
 1985 	 131802 
 1986 	 132819 
 1987 	 128957 
 1988 	 124401 
 1989 	 132838 
 1990 	 130316 
 1991 	 135635 
 1992 	 127453 
 1993 	 127485 
 1994 	 130995 
 1995 	 130577 
 1996 	 129691 
 1997 	 131626 
 1998 	 130921 
 1999 	 132965 
 2000 	 130552 
 2001 	 129087 
 2002 	 124726 
 2003 	 128979 
 2004 	 131721 
 2005 	 126984 
 2006 	 129586 
 2007 	 132465 
 2008 	 132302 
 2009 	 130225 
 2010 	 127304 
 2011 	 128645 
 2012 	 131279 
 2013 	 131426 
 2014 	 125432 
 2015 	 128615 
 2016 	 128724 
 2017 	 130312 
 2018 	 126337 
 2019 	 129631 
 2020 	 130403 
 2021 	 130684 
 2022 	 130622 
 2023 	 130622 
 2024 	 127059 
 2025 	 127059 
 2026 	 132657 
 2027 	 132657 
 2028 	 129717 
 2029 	 122005 
 2030 	 127326 
 2031 	 132530 
 2032 	 133070 
 2033 	 129196 
 2034 	 128754 
 2035 	 126794 
 2036 	 129187 
 2037 	 129278 
 2038 	 131537 
 2039 	 132286 
 2040 	 127026 
 2041 	 129791 
 2042 	 128208 
 2043 	 132523 
 2044 	 128718 
 2045 	 130507 
 2046 	 126829 
 2047 	 124682 
 2048 	 124139 
 2049 	 120171 
 2050 	 118467 
 2051 	 120214 
 2052 	 122124  
 2054 	 119093 
 2055 	 121702 
 2056 	 121708 
 2057 	 114967 
 2058 	 116782 
 2059 	 115856 
 2060 	 121260 
 2061 	 118821 
 2062 	 121306 
 2063 	 115751 
 2064 	 118006 
 2065 	 116054 
 2066 	 119878 
 2067 	 118208 
 2068 	 115530 
 2069 	 119999 
 2070 	 119366 
 2071 	 121880 
 2072 	 121131 
 2073 	 119836 
 2074 	 118566 
 2075 	 120453 
 2076 	 116182 
 2077 	 119255 
 2078 	 120794 
 2079 	 123008 
 2080 	 118122 
 2081 	 119392 
 2082 	 119449 
 2083 	 120867 
 2084 	 119433 
 2085 	 120638 
 2086 	 120105 
 2087 	 117316 
 2088 	 117175 
 2089 	 121094 
 2090 	 119763 
 2091 	 121759 
 2092 	 119643 
 2093 	 121863 
 2094 	 124714 
 2095 	 119559 
 2096 	 120055 
 2097 	 120134 
 2098 	 118503 
 2099 	 122914 
 2100 	 124614 
 2101 	 119523 
 2102 	 119523 
 2103 	 122866 
 2104 	 122192 
 2105 	 117030 
 2106 	 117030 
 2107 	 118240 
 2108 	 120088 
 2109 	 120088 
 2110 	 120592 
 2111 	 118336 
 2112 	 121097 
 2113 	 118655 
 2114 	 113762 
 2115 	 119043 
 2116 	 120445 
 2117 	 119600 
 2118 	 125092 
 2119 	 122287 
 2120 	 122749 
 2121 	 120883 
 2122 	 118533 
 2123 	 119616 
 2124 	 118157 
 2125 	 119528 
 2126 	 123149 
 2127 	 119193 
 2128 	 121306 
 2129 	 117551 
 2130 	 116851 
 2131 	 113522 
 2132 	 125668 
 2133 	 120862 
 2134 	 119183 
 2135 	 120747 
 2136 	 119112 
 2137 	 122357 
 2138 	 119634 
 2139 	 121913 
 2140 	 120739 
 2141 	 119302 
 2142 	 116678 
 2143 	 120151 
 2144 	 118864 
 2145 	 120412 
 2146 	 121183 
 2147 	 121500 
 2148 	 123649 
 2149 	 121463 
 2150 	 119031 
 2151 	 117839 
 2152 	 119627 
 2153 	 113946 
 2154 	 119942 
 2155 	 120773 
 2156 	 117700 
 2157 	 118213 
 2158 	 121850 
 2159 	 121850 
 2160 	 124562 
 2161 	 118294 
 2162 	 122185 
 2163 	 122851 
 2164 	 115037 
 2165 	 121264 
 2166 	 122654 
 2167 	 119486 
 2168 	 119574 
 2169 	 123186 
 2170 	 118941 
 2171 	 120375 
 2172 	 122334 
 2173 	 121205 
 2174 	 118059 
 2175 	 122424 
 2176 	 122319 
 2177 	 125899 
 2178 	 122678 
 2179 	 121369 
 2180 	 122026 
 2181 	 122035 
 2182 	 120967 
 2183 	 117405 
 2184 	 115982 
 2185 	 118703 
 2186 	 115725 
 2187 	 120601 
 2188 	 123627 
 2189 	 119350 
 2190 	 118062 
 2191 	 121539 
 2192 	 120187 
 2193 	 118900 
 2194 	 120322 
 2195 	 118446 
 2196 	 120449 
 2197 	 122297 
 2198 	 116727 
 2199 	 121246 
 2200 	 119937 
 2201 	 124099 
 2202 	 119533 
 2203 	 118727 
 2204 	 119471 
 2205 	 119245 
 2206 	 118697 
 2207 	 120104 
 2208 	 122848 
 2209 	 121829 
 2210 	 118205 
 2211 	 118205 
 2212 	 119579 
 2213 	 119229 
 2214 	 119229 
 2215 	 121008 
 2216 	 116499 
 2217 	 122117 
 2218 	 120858 
 2219 	 117460 
 2220 	 118176 
 2221 	 122901 
 2222 	 117207 
 2223 	 120251 
 2224 	 120176 
 2225 	 120815 
 2226 	 120343 
 2227 	 117693 
 2228 	 115840 
 2229 	 114342 
 2230 	 117410 
 2231 	 118539 
 2232 	 119919 
 2233 	 119699 
 2234 	 115877 
 2235 	 119871 
 2236 	 120070 
 2237 	 121403 
 2238 	 115166 
 2239 	 119622 
 2240 	 119251 
 2241 	 119321 
 2242 	 118676 
 2243 	 120505 
 2244 	 123294 
 2245 	 119648 
 2246 	 118580 
 2247 	 121335 
 2248 	 119606 
 2249 	 115849 
 2250 	 119867 
 2251 	 117406 
 2252 	 120174 
 2253 	 116491 
 2254 	 117055 
 2255 	 113152 
 2256 	 118622 
 2257 	 120518 
 2258 	 122169 
 2259 	 117910 
 2260 	 119021 
 2261 	 119973 
 2262 	 117929 
 2263 	 116869 
 2264 	 120773 
 2265 	 117047 
 2266 	 116420 
 2267 	 122481 
 2268 	 117431 
 2269 	 118851 
 2270 	 118492 
 2271 	 117902 
 2272 	 119236 
 2273 	 122407 
 2274 	 119424 
 2275 	 120486 
 2276 	 116759 
 2277 	 118492 
 2278 	 120168 
 2279 	 118731 
 2280 	 122376 
 2281 	 119612 
 2282 	 118635 
 2283 	 120413 
 2284 	 120920 
 2285 	 120168 
 2286 	 120836 
 2287 	 120836 
 2288 	 119279 
 2289 	 118872 
 2290 	 118872 
 2291 	 115912 
 2292 	 120740 
 2293 	 119871 
 2294 	 119871 
 2295 	 122853 
 2296 	 120397 
 2297 	 117719 
 2298 	 122547 
 2299 	 120154 
 2300 	 115945 
 2301 	 119153 
 2302 	 119409 
 2303 	 118060 
 2304 	 118973 
 2305 	 115919 
 2306 	 123163 
 2307 	 120106 
 2308 	 114301 
 2309 	 116474 
 2310 	 122256 
 2311 	 116985 
 2312 	 122438 
 2313 	 118127 
 2314 	 122129 
 2315 	 117170 
 2316 	 118148 
 2317 	 118190 
 2318 	 118821 
 2319 	 119721 
 2320 	 122063 
 2321 	 116312 
 2322 	 120190 
 2323 	 118024 
 2324 	 115658 
 2325 	 120186 
 2326 	 118976 
 2327 	 119035 
 2328 	 117206 
 2329 	 116172 
 2330 	 118919 
 2331 	 118456 
 2332 	 120001 
 2333 	 122143 
 2334 	 119752 
 2335 	 113465 
 2336 	 116206 
 2337 	 118305 
 2338 	 118086 
 2339 	 120403 
 2340 	 115573 
 2341 	 119424 
 2342 	 120006 
 2343 	 119139 
 2344 	 116267 
 2345 	 116785 
 2346 	 118670 
 2347 	 116148 
 2348 	 119079 
 2349 	 122009 
 2350 	 115555 
 2351 	 118746 
 2352 	 117613 
 2353 	 116333 
 2354 	 115698 
 2355 	 118113 
 2356 	 120429 
 2357 	 123975 
 2358 	 119471 
 2359 	 119122 
 2360 	 118231 
 2361 	 116055 
 2362 	 118266 
 2363 	 120006 
 2364 	 122843 
 2365 	 120685 
 2366 	 119773 
 2367 	 118034 
 2368 	 114403 
 2369 	 118649 
 2370 	 115181 
 2371 	 118705 
 2372 	 121757 
 2373 	 116834 
 2374 	 118371 
 2375 	 117654 
 2376 	 117530 
 2377 	 116875 
 2378 	 116225 
 2379 	 120233 
 2380 	 120233 
 2381 	 115077 
 2382 	 116943 
 2383 	 120995 
 2384 	 120995 
 2385 	 117369 
 2386 	 118726 
 2387 	 118327 
 2388 	 118956 
 2389 	 116380 
 2390 	 118741 
 2391 	 117633 
 2392 	 117177 
 2393 	 121242 
 2394 	 116738 
 2395 	 122207 
 2396 	 117157 
 2397 	 117678 
 2398 	 118190 
 2399 	 115943 
 2400 	 116911 
 2401 	 115927 
 2402 	 122438 
 2403 	 117274 
 2404 	 117686 
 2405 	 117902 
 2406 	 117927 
 2407 	 114354 
 2408 	 120578  	  
 2410 	 133371 
 2412 	 137360 
 2413 	 133621 
 2414 	 137867 
 2415 	 135325 
 2416 	 134627 
 2417 	 133383 
 2418 	 137957 
 2419 	 137957 
 2420 	 135213 
 2421 	 136195 
 2422 	 133971 
 2423 	 136413 
 2424 	 137229 
 2425 	 130508 
 2426 	 137219 
 2427 	 135766 
 2428 	 136124 
 2429 	 135996 
 2430 	 135569 
 2431 	 136490 
 2432 	 132946 
 2433 	 140109 
 2434 	 136340 
 2435 	 135948 
 2436 	 133002 
 2437 	 137817 
 2438 	 135683 
 2439 	 133401 
 2440 	 135784 
 2441 	 132695 
 2442 	 138079 
 2443 	 136750 
 2444 	 133307 
 2445 	 135840 
 2446 	 132012 
 2447 	 134869 
 2448 	 138215 
 2449 	 135903 
 2450 	 134715 
 2451 	 134742 
 2452 	 136533 
 2453 	 137311 
 2454 	 137755 
 2455 	 137080 
 2456 	 134695 
 2457 	 135926 
 2458 	 135523 
 2459 	 132482 
 2460 	 135307 
 2461 	 134576 
 2462 	 133036 
 2463 	 134148 
 2464 	 135614 
 2465 	 134919 
 2466 	 138783 
 2467 	 138405 
 2468 	 137286  
 2471 	 119281 
 2472 	 120010 
 2473 	 123407 
 2474 	 117197 
 2475 	 122377 
 2476 	 122994 
 2477 	 119276 
 2478 	 122319 
 2479 	 118622 
 2480 	 118414 
 2481 	 117423 
 2482 	 124317 
 2483 	 118733 
 2484 	 121267 
 2485 	 118350 
 2486 	 117092 
 2487 	 119624 
 2488 	 119624 
 2489 	 116712 
 2490 	 119851 
 2491 	 119851 
 2492 	 116272 
 2493 	 119633 
 2494 	 118005 
 2495 	 118005 
 2496 	 119999 
 2497 	 116927 
 2498 	 123220 
 2499 	 119093 
 2500 	 120089 
 2501 	 116017 
 2502 	 118816 
 2503 	 122174 
 2504 	 118151 
 2505 	 119962 
 2506 	 116444 
 2507 	 124169 
 2508 	 114915 
 2509 	 118905 
 2510 	 119504 
 2511 	 122104 
 2512 	 121649 
 2513 	 122319 
 2514 	 118126 
 2515 	 118309 
 2516 	 120492 
 2517 	 118695 
 2518 	 121871 
 2519 	 120765 
 2520 	 119307 
 2521 	 117839 
 2522 	 120904 
 2523 	 119009 
 2524 	 115978 
 2525 	 119046 
 2526 	 121393 
 2527 	 118497 
 2528 	 118911 
 2529 	 118557 
 2530 	 115065 
 2531 	 121686 
 2532 	 125814 
 2533 	 130342 
 2534 	 126483 
 2535 	 127839 
 2536 	 130180 
 2537 	 130963 
 2538 	 127156 
 2539 	 130268 
 2540 	 130445 
 2541 	 129499 
 2542 	 130487 
 2543 	 129543 
 2544 	 127987 
 2545 	 129262 
 2546 	 132421 
 2547 	 129455 
 2548 	 133113 
 2549 	 129189 
 2550 	 131588 
 2551 	 128776 
 2552 	 127861 
 2553 	 128856 
 2554 	 126783 
 2555 	 126317 
 2556 	 125794 
 2557 	 126528 
 2558 	 127795 
 2559 	 127796 
 2560 	 128186 
 2561 	 130793 
 2562 	 127091 
 2563 	 127340 
 2564 	 128665 
 2565 	 131689 
 2566 	 128740 
 2567 	 129756 
 2568 	 131095 
 2569 	 129609 
 2570 	 127818 
 2571 	 127535 
 2572 	 131301 
 2573 	 124165 
 2574 	 130074 
 2575 	 132753 
 2576 	 130060 
 2577 	 128295 
 2578 	 129086 
 2579 	 133754 
 2580 	 126702 
 2581 	 129368 
 2582 	 130179 
 2583 	 128740 
 2584 	 130906 
 2585 	 130530 
 2586 	 131180 
 2587 	 129756 
 2588 	 130203 
 2589 	 127965 
 2590 	 127796 
 2591 	 127362 
 2592 	 119596 
 2593 	 113969 
 2594 	 113969 
 2595 	 117910 
 2596 	 117160 
 2597 	 117345 
 2598 	 113412 
 2599 	 113412 
 2600 	 118072 
 2601 	 118072 
 2602 	 116951 
 2603 	 113412 
 2604 	 118024 
 2605 	 114896 
 2606 	 119075 
 2607 	 116650 
 2608 	 119223 
 2609 	 117736 
 2610 	 119862 
 2611 	 115686 
 2612 	 116148 
 2613 	 117231 
 2614 	 112840 
 2615 	 113645 
 2616 	 118311 
 2617 	 118500 
 2618 	 117743 
 2619 	 115625 
 2620 	 112840 
 2621 	 114318 
 2622 	 112527 
 2623 	 113886 
 2624 	 113841 
 2625 	 115257 
 2626 	 115768 
 2627 	 115144 
 2628 	 111151 
 2629 	 117455 
 2630 	 117370 
 2631 	 116624 
 2632 	 116505 
 2633 	 116110 
 2634 	 115886 
 2635 	 111995 
 2636 	 116034 
 2637 	 112412 
 2638 	 114128 
 2639 	 115886 
 2640 	 113480 
 2641 	 114206 
 2642 	 114952 
 2643 	 110901 
 2644 	 115768 
 2645 	 119919 
 2646 	 114648 
 2647 	 114646 
 2648 	 116801 
 2649 	 116787 
 2650 	 116313 
 2651 	 117104 
 2652 	 116574 
 2653 	 113685 
 2654 	 119612 
 2655 	 116222 
 2656 	 116478 
 2657 	 114688 
 2658 	 113681 
 2659 	 117811 
 2660 	 113621 
 2661 	 115217 
 2662 	 118733 
 2663 	 110713 
 2664 	 112045 
 2665 	 115543 
 2666 	 116476 
 2667 	 112026 
 2668 	 114742 
 2669 	 116869 
 2670 	 113332 
 2671 	 111644 
 2672 	 114437 
 2673 	 117180 
 2674 	 114496 
 2675 	 115387 
 2676 	 113986 
 2677 	 116514 
 2678 	 116514 
 2679 	 117280 
 2680 	 118526 
 2681 	 114266 
 2682 	 115038 
 2683 	 115038 
 2684 	 116664 
 2685 	 117369 
 2686 	 113965 
 2687 	 113965 
 2688 	 113744 
 2689 	 118125 
 2690 	 118125 
 2691 	 119118 
 2692 	 116422 
 2693 	 118250 
 2694 	 114035 
 2695 	 112367 
 2696 	 113825 
 2697 	 114875 
 2698 	 117055 
 2699 	 117580 
 2700 	 116477 
 2701 	 116841 
 2702 	 115849 
 2703 	 116021 
 2704 	 118525 
 2705 	 119023 
 2706 	 117013 
 2707 	 116711 
 2708 	 116443 
 2709 	 117997 
 2710 	 117633 
 2711 	 112759 
 2712 	 114397 
 2713 	 114952 
 2714 	 118135 
 2715 	 115372 
 2716 	 119476 
 2717 	 113878 
 2718 	 122119 
 2719 	 121538 
 2720 	 114477 
 2721 	 115359 
 2722 	 118107 
 2723 	 119903 
 2724 	 118705 
 2725 	 115034 
 2726 	 120862 
 2727 	 118519 
 2728 	 117403 
 2729 	 118160 
 2730 	 118919 
 2731 	 117131 
 2732 	 115421 
 2733 	 114924 
 2734 	 118627 
 2735 	 118753 
 2736 	 113363 
 2737 	 122692 
 2738 	 110409 
 2739 	 117674 
 2740 	 118072 
 2741 	 115914 
 2742 	 116690 
 2743 	 116772 
 2744 	 118429 
 2745 	 117995 
 2746 	 110991 
 2747 	 119325 
 2748 	 116641 
 2749 	 115693 
 2750 	 117855 
 2751 	 113161 
 2752 	 116103 
 2753 	 116166 
 2754 	 122958 
 2755 	 117324 
 2756 	 116156 
 2757 	 117536 
 2758 	 116805 
 2759 	 118006 
 2760 	 116663 
 2761 	 118270 
 2762 	 117695 
 2763 	 114417 
 2764 	 111754 
 2765 	 113665 
 2766 	 116909 
 2767 	 114121 
 2768 	 114425 
 2769 	 112657 
 2770 	 112848 
 2771 	 110912 
 2772 	 102735 	  
 2780 	 104158 
 2781 	 104158 
 2782 	 107970 
 2783 	 102107 
 2784 	 109812 
 2785 	 107827 
 2786 	 109787 
 2787 	 108185 
 2788 	 110971 
 2789 	 108595 
 2790 	 111524 
 2791 	 110699 
 2792 	 111625 
 2793 	 113834 
 2794 	 110721 
 2795 	 101602 
 2796 	 112025 
 2797 	 106344 
 2798 	 110639 
 2799 	 107845 
 2800 	 115421 
 2801 	 108805 
 2802 	 110039 
 2803 	 105258 
 2804 	 111825 
 2805 	 108462 
 2806 	 109287 
 2807 	 112026 
 2808 	 111192 
 2809 	 109622 
 2810 	 106677 
 2811 	 111976 
 2812 	 111705 
 2813 	 114281 
 2814 	 107978 
 2815 	 111780 
 2816 	 110831 
 2817 	 110911 
 2818 	 110047 
 2819 	 111895 
 2820 	 110156 
 2821 	 115980 
 2822 	 111649 
 2823 	 112696 
 2824 	 106097 
 2825 	 110680 
 2826 	 110740 
 2827 	 113283 
 2828 	 108494 
 2829 	 110900 
 2830 	 111926 
 2831 	 109646 
 2832 	 110409 
 2833 	 110409 
 2834 	 111407 
 2835 	 111272 
 2836 	 110130 
 2837 	 115165 
 2838 	 112408 
 2839 	 113185 
 2840 	 106476 
 2841 	 110589 
 2842 	 114412 
 2843 	 113643 
 2844 	 111770 
 2845 	 114966 
 2846 	 109086 
 2847 	 114241 
 2848 	 109446 
 2849 	 114068 
 2850 	 111875 
 2851 	 111875 
 2852 	 112559 
 2853 	 112497 
 2854 	 108185 
 2855 	 114466 
 2856 	 111855 
 2857 	 110761 
 2858 	 108746 
 2859 	 114116 
 2860 	 113846 
 2861 	 111556 
 2862 	 108966 
 2863 	 111694 
 2864 	 115844 
 2865 	 111227 
 2866 	 112539 
 2867 	 112539 
 2868 	 112528 
 2869 	 112519 
 2870 	 115364 
 2871 	 108462 
 2872 	 114660 
 2873 	 112800 
 2874 	 109915 
 2875 	 112337 
 2876 	 114037 
 2877 	 113161 
 2878 	 111312 
 2879 	 110984 
 2880 	 111162 
 2881 	 110688 
 2882 	 114168 
 2883 	 113623 
 2884 	 113623 
 2885 	 110961 
 2886 	 109598 
 2887 	 109690 
 2888 	 107591 
 2889 	 109836 
 2890 	 107768 
 2891 	 110035 
 2892 	 109022 
 2893 	 115115 
 2894 	 111764 
 2895 	 109796 
 2896 	 108200 
 2897 	 108200 
 2898 	 112840 
 2899 	 109642 
 2900 	 115610 
 2901 	 115471 
 2902 	 111800 
 2903 	 109585 
 2904 	 112710 
 2905 	 110327 
 2906 	 109590 
 2907 	 106733 
 2908 	 109537 
 2909 	 112704 
 2910 	 106796 
 2911 	 106796 
 2912 	 110012 
 2913 	 111889 
 2914 	 112619 
 2915 	 111543 
 2916 	 111744 
 2917 	 109864 
 2918 	 110960 
 2919 	 109875 
 2920 	 112657 
 2921 	 113807 
 2922 	 113483 
 2923 	 110975 
 2924 	 110912 
 2925 	 116297 
 2926 	 116297 
 2927 	 113093 
 2928 	 108168 
 2929 	 110491 
 2930 	 109114 
 2931 	 115658 
 2932 	 116137 
 2933 	 113912 
 2934 	 111905 
 2935 	 115409 
 2936 	 108331 
 2937 	 110580 
 2938 	 112308 
 2939 	 113838 
 2940 	 109895 
 2941 	 109895 
 2942 	 110931 
 2943 	 110670 
 2944 	 107929 
 2945 	 112940 
 2946 	 108733 
 2947 	 112851 
 2948 	 112609 
 2949 	 111583 
 2950 	 111183 
 2951 	 110839 
 2952 	 114370 
 2953 	 106927 
 2954 	 112463 
 2955 	 109744 
 2956 	 110209 
 2957 	 111574 
 2958 	 108101 
 2959 	 108101 
 2960 	 105952 
 2961 	 108758 
 2962 	 111072 
 2963 	 109477 
 2964 	 109260 
 2965 	 107635 
 2966 	 107189 
 2967 	 108382 
 2968 	 107027 
 2969 	 109477 
 2970 	 112327 
 2971 	 110922 
 2972 	 114323 
 2973 	 111194 
 2974 	 113850 
 2975 	 109465 
 2976 	 109465 
 2977 	 110786 
 2978 	 109340 
 2979 	 110150 
 2980 	 108516 
 2981 	 107504 
 2982 	 113684 
 2983 	 110741 
 2984 	 111312 
 2985 	 108838 
 2986 	 110779 
 2987 	 114043 
 2988 	 114159 
 2989 	 111785 
 2990 	 110991 
 2991 	 112026 
 2992 	 112026 
 2993 	 109321 
 2994 	 108690 
 2995 	 110912 
 2996 	 110334 
 2997 	 107577 
 2998 	 106214 
 2999 	 108987 
 3000 	 107504 
 3001 	 109518 
 3002 	 109301 
 3003 	 112900 
 3004 	 109047 
 3005 	 109701 
 3006 	 105302 
 3007 	 107688 
 3008 	 107840 
 3009 	 107840 
 3010 	 116875 
 3011 	 108185 
 3012 	 111299 
 3013 	 108836 
 3014 	 105680 
 3015 	 107996 
 3016 	 113704 
 3017 	 110811 
 3018 	 106874 
 3019 	 108211 
 3020 	 110527 
 3021 	 112749 
 3022 	 114477 
 3023 	 112086 
 3024 	 112087 
 3025 	 111263 
 3026 	 112959 
 3027 	 112539 
 3028 	 112539 
 3029 	 113612 
 3030 	 110427 
 3031 	 107564 
 3032 	 109953 
 3033 	 107346 
 3034 	 109960 
 3035 	 106308 
 3036 	 105621 
 3037 	 112148 
 3038 	 109002 
 3039 	 109837 
 3040 	 103014 
 3041 	 108304 
 3042 	 111142 
 3043 	 110460 
 3044 	 110460 
 3045 	 105589 
 3046 	 108632 
 3047 	 112969 
 3048 	 110671 
 3049 	 110650 
 3050 	 107479 
 3051 	 108690 
 3052 	 108185 
 3053 	 112126 
 3054 	 109076 
 3055 	 107747 
 3056 	 107715 
 3057 	 106836 
 3058 	 107426 
 3059 	 109550 
 3060 	 109596 
 3061 	 109599 
 3062 	 109599 
 3063 	 106809 
 3064 	 111544 
 3065 	 109636 
 3066 	 108501 
 3067 	 110449 
 3068 	 109129 
 3069 	 108547 
 3070 	 109242 
 3071 	 110831 
 3072 	 111388 
 3073 	 108666 
 3074 	 105897 
 3075 	 107964 
 3076 	 107104 
 3077 	 111234 
 3078 	 111234 
 3079 	 106907 
 3080 	 107524 
 3081 	 108528 
 3082 	 107405 
 3083 	 111665 
 3084 	 111452 
 3085 	 110777 
 3086 	 110189 
 3087 	 110530 
 3088 	 108836 
 3089 	 107892 
 3090 	 108185 
 3091 	 108185 
 3092 	 111694 
 3093 	 111644 
 3094 	 109670 
 3095 	 111333 
 3096 	 112267 
 3097 	 106757 
 3098 	 108081 
 3099 	 109189 
 3100 	 108682 
 3101 	 110161 
 3102 	 110417 
 3103 	 110237 
 3104 	 111007 
 3105 	 112055 
 3106 	 110892 
 3107 	 108944 
 3108 	 114295 
 3109 	 110730 
 3110 	 110730 
 3111 	 112688 
 3112 	 112347 
 3113 	 111554 
 3114 	 111183 
 3115 	 111946 
 3116 	 108462 
 3117 	 110721 
 3118 	 112451 
 3119 	 110200 
 3120 	 111116 
 3121 	 112379 
 3122 	 108789 
 3123 	 108023 
 3124 	 111625 
 3125 	 111194 
 3126 	 113701 
 3127 	 114501 
 3128 	 114501 
 3129 	 118122 
 3130 	 110810 
 3131 	 114440 
 3132 	 118154 
 3133 	 119044 
 3134 	 114192 
 3135 	 112589 
 3136 	 110429 
 3137 	 110187 
 3138 	 102611 
 3139 	 101972 
 3140 	 108297 
 3141 	 108500 
 3142 	 107577 
 3143 	 110397 
 3144 	 110397 
 3145 	 110610 
 3146 	 109292 
 3147 	 111587 
 3148 	 110705 
 3149 	 108809 
 3150 	 114664 
 3151 	 106083 
 3152 	 110368 
 3153 	 107440 
 3154 	 108698 
 3155 	 107911 
 3156 	 107911 
 3157 	 111623 
 3158 	 110951 
 3159 	 110923 
 3160 	 112860 
 3161 	 107366 
 3162 	 110924 
 3163 	 112815 
 3164 	 109811 
 3165 	 111311 
 3166 	 111311 
 3167 	 114119 
 3168 	 111412 
 3169 	 112046 
 3170 	 111387 
 3171 	 116229 
 3172 	 109990 
 3173 	 115205 
 3174 	 106749 
 3175 	 110679 
 3176 	 113080 
 3177 	 114595 
 3178 	 114769 
 3179 	 108465 
 3180 	 108465 
 3181 	 112127 
 3182 	 111593 
 3183 	 110058 
 3184 	 113007 
 3185 	 114672 
 3186 	 115827 
 3187 	 110517 
 3188 	 109525 
 3189 	 110499 
 3190 	 109997 
 3191 	 111684 
 3192 	 115253 
 3193 	 112539 
 3194 	 112539 
 3195 	 114888 
 3196 	 112367 
 3197 	 111009 
 3198 	 109924 
 3199 	 109281 
 3200 	 117143 
 3201 	 109340 
 3202 	 115924 
 3203 	 114803 
 3204 	 110366 
 3205 	 110819 
 3206 	 112744 
 3207 	 113194 
 3208 	 115550 
 3209 	 114771 
 3210 	 112038 
 3211 	 111664 
 3212 	 111664 
 3213 	 117005 
 3214 	 109498 
 3215 	 114261 
 3216 	 112684 
 3217 	 116156 
 3218 	 107899 
 3219 	 109697 
 3220 	 112449 
 3221 	 110076 
 3222 	 118507 
 3223 	 110770 
 3224 	 110909 
 3225 	 109957 
 3226 	 110808 
 3227 	 111956 
 3228 	 114626 
 3229 	 114386 
 3230 	 114386 
 3231 	 111543 
 3232 	 115336 
 3233 	 110147 
 3234 	 114412 
 3235 	 110241 
 3236 	 114404 
 3237 	 111714 
 3238 	 110218 
 3239 	 115796 
 3240 	 109674 
 3241 	 113063 
 3242 	 114196 
 3243 	 111333 
 3244 	 113766 
 3245 	 112237 
 3246 	 112237 
 3247 	 114932 
 3248 	 111956 
 3249 	 114107 
 3250 	 108869 
 3251 	 114008 
 3252 	 115429 
 3253 	 113517 
 3254 	 109415 
 3255 	 114229 
 3256 	 111276 
 3257 	 114580 
 3258 	 114457 
 3259 	 113225 
 3260 	 113778 
 3261 	 114098 
 3262 	 108101 
 3263 	 108101 
 3264 	 112428 
 3265 	 112268 
 3266 	 113756 
 3267 	 110699 
 3268 	 112428 
 3269 	 113624 
 3270 	 110156 
 3271 	 114706 
 3272 	 116373 
 3273 	 113916 
 3274 	 111815 
 3275 	 107842 
 3276 	 109392 
 3277 	 113103 
 3278 	 114232 
 3279 	 111679 
 3280 	 111679 
 3281 	 112720 
 3282 	 115630 
 3283 	 111374 
 3284 	 110589 
 3285 	 109968 
 3286 	 110150 
 3287 	 113766 
 3288 	 107375 
 3289 	 110951 
 3290 	 113372 
 3291 	 111805 
 3292 	 114591 
 3293 	 110716 
 3294 	 109933 
 3295 	 109105 
 3296 	 109261 
 3297 	 109261 
 3298 	 112307 
 3299 	 112307 
 3300 	 112603 
 3301 	 113252 
 3302 	 110895 
 3303 	 113227 
 3304 	 111128 
 3305 	 109995 
 3306 	 110713 
 3307 	 112668 
 3308 	 108271 
 3309 	 110861 
 3310 	 110971 
 3311 	 112951 
 3312 	 113805 
 3313 	 114542 
 3314 	 112579 
 3315 	 104846 
 3316 	 104846 
 3317 	 110340 
 3318 	 108356 
 3319 	 113805 
 3320 	 110973 
 3321 	 108262 
 3322 	 111332 
 3323 	 110525 
 3324 	 110735 
 3325 	 112166 
 3326 	 107361 
 3327 	 108375 
 3328 	 109090 
 3329 	 108600 
 3330 	 108892 
 3331 	 110272 
 3332 	 110272 
 3333 	 109145 
 3334 	 109145 
 3335 	 106704 
 3336 	 110941 
 3337 	 111635 
 3338 	 110881 
 3339 	 112860 
 3340 	 112178 
 3341 	 109091 
 3342 	 109428 
 3343 	 112040 
 3344 	 110556 
 3345 	 112376 
 3346 	 111905 
 3347 	 109399 
 3348 	 109399 
 3349 	 109500 
 3350 	 110422 
 3351 	 108908 
 3352 	 109582 
 3353 	 110202 
 3354 	 108770 
 3355 	 109500 
 3356 	 113054 
 3357 	 111233 
 3358 	 108284 
 3359 	 110218 
 3360 	 110039 
 3361 	 114206 
 3362 	 112800 
 3363 	 112689 
 3364 	 112689 
 3365 	 111689 
 3366 	 111544 
 3367 	 113001 
 3368 	 112216 
 3369 	 107852 
 3370 	 106325 
 3371 	 112619 
 3372 	 111524 
 3373 	 109895 
 3374 	 110472 
 3375 	 109836 
 3376 	 109775 
 3377 	 109043 
 3378 	 110411 
 3379 	 112568 
 3380 	 113312 
 3381 	 113312 
 3382 	 111443 
 3383 	 114813 
 3384 	 112306 
 3385 	 112810 
 3386 	 108437 
 3387 	 114702 
 3388 	 108981 
 3389 	 111685 
 3390 	 112743 
 3391 	 104371 
 3392 	 112939 
 3393 	 109184 
 3394 	 110510 
 3395 	 108979 
 3396 	 108809 
 3397 	 110098 
 3398 	 110098 
 3399 	 108410 
 3400 	 106645 
 3401 	 111173 
 3402 	 110944 
 3403 	 112267 
 3404 	 114672 
 3405 	 110590 
 3406 	 108856 
 3407 	 109908 
 3408 	 106952 
 3409 	 109868 
 3410 	 113859 
 3411 	 113859 
 3412 	 111082 
 3413 	 112588 
 3414 	 109359 
 3415 	 117040 
 3416 	 110309 
 3417 	 107011 
 3418 	 112257 
 3419 	 111603 
 3420 	 111635 
 3421 	 113645 
 3422 	 113645 
 3423 	 113563 
 3424 	 111267 
 3425 	 108981 
 3426 	 109799 
 3427 	 113392 
 3428 	 109888 
 3429 	 112178 
 3430 	 109801 
 3431 	 107090 
 3432 	 110854 
 3433 	 110854 
 3434 	 109165 
 3435 	 108166 
 3436 	 114116 
 3437 	 109348 
 3438 	 112889 
 3439 	 112819 
 3440 	 109836 
 3441 	 109749 
 3442 	 109520 
 3443 	 109829 
 3444 	 109399 
 3445 	 109395 
 3446 	 107257 
 3447 	 107017 
 3448 	 112589 
 3449 	 109367 
 3450 	 109367 
 3451 	 109633 
 3452 	 112488 
 3453 	 109409 
 3454 	 111599 
 3455 	 107655 
 3456 	 109274 
 3457 	 107564 
 3458 	 113724 
 3459 	 111333 
 3460 	 106645 
 3461 	 114940 
 3462 	 110150 
 3463 	 109836 
 3464 	 111655 
 3465 	 108654 
 3466 	 108654 
 3467 	 112608 
 3468 	 109933 
 3469 	 108068 
 3470 	 114420 
 3471 	 112247 
 3472 	 110450 
 3473 	 114845 
 3474 	 116024 
 3475 	 109868 
 3476 	 113494 
 3477 	 109546 
 3478 	 113028 
 3479 	 111583 
 3480 	 111034 
 3481 	 111734 
 3482 	 106383 
 3483 	 113463 
 3484 	 113463 
 3485 	 114823 
 3486 	 111262 
 3487 	 111308 
 3488 	 110565 
 3489 	 109933  	  
 3493 	 110714 
 3494 	 109145 
 3495 	 109225 
 3496 	 108271 
 3497 	 111223 
 3498 	 109849 
 3499 	 114493 
 3500 	 112237 
 3501 	 113988 
 3502 	 112176 
 3503 	 112176 
 3504 	 113604 
 3505 	 111754 
 3506 	 112006 
 3507 	 114037 
 3508 	 115479 
 3509 	 120054 
 3510 	 112730 
 3511 	 113756 
 3512 	 115101 
 3513 	 112107 
 3514 	 116295 
 3515 	 112630 
 3516 	 117225 
 3517 	 112702 
 3518 	 115198 
 3519 	 110685 
 3520 	 115246 
 3521 	 115246 
 3522 	 111714 
 3523 	 110155 
 3524 	 113061 
 3525 	 112689 
 3526 	 113223 
 3527 	 107716 
 3528 	 114342 
 3529 	 112036 
 3530 	 112257 
 3531 	 113636 
 3532 	 111573 
 3533 	 113414 
 3534 	 107437 
 3535 	 110327 
 3536 	 110710 
 3537 	 110710 
 3538 	 109863 
 3539 	 113765 
 3540 	 113439 
 3541 	 110991 
 3542 	 112327 
 3543 	 112769 
 3544 	 109864 
 3545 	 106612 
 3546 	 108042 
 3547 	 113392 
 3548 	 110508 
 3549 	 110528 
 3550 	 108713 
 3551 	 111046 
 3552 	 107918 
 3553 	 109404 
 3554 	 109404 
 3555 	 111910 
 3556 	 112704 
 3557 	 112418 
 3558 	 103343 
 3559 	 105108 
 3560 	 110651 
 3561 	 110440 
 3562 	 111373 
 3563 	 109960 
 3564 	 107886 
 3565 	 113511 
 3566 	 107181 
 3567 	 108875 
 3568 	 107976 
 3569 	 112969 
 3570 	 109364 
 3571 	 109877 
 3572 	 110540 
 3573 	 113421 
 3574 	 113421 
 3575 	 111744 
 3576 	 108995 
 3577 	 113779 
 3578 	 113191 
 3579 	 106567 
 3580 	 111544 
 3581 	 113213 
 3582 	 110010 
 3583 	 105759 
 3584 	 111956 
 3585 	 110451 
 3586 	 111613 
 3587 	 110590 
 3588 	 107734 
 3589 	 107354 
 3590 	 108099 
 3591 	 108099 
 3592 	 107472 
 3593 	 111603 
 3594 	 110540 
 3595 	 107368 
 3596 	 107603 
 3597 	 109065 
 3598 	 110356 
 3599 	 106803 
 3600 	 112186 
 3601 	 111514 
 3602 	 109440 
 3603 	 109440 
 3604 	 110562 
 3605 	 107584 
 3606 	 108220 
 3607 	 110141 
 3608 	 109840 
 3609 	 108040 
 3610 	 109919 
 3611 	 110873 
 3612 	 108280 
 3613 	 111885 
 3614 	 109629 
 3615 	 106770 
 3616 	 111052 
 3617 	 110069 
 3618 	 108749 
 3619 	 109320 
 3620 	 109320 
 3621 	 106339 
 3622 	 107944 
 3623 	 107067 
 3624 	 109554 
 3625 	 107534 
 3626 	 107798 
 3627 	 108172 
 3628 	 104236 
 3629 	 107970 
 3630 	 110316 
 3631 	 110370 
 3632 	 102711 
 3633 	 109650 
 3634 	 111234 
 3635 	 108856 
 3636 	 107263 
 3637 	 108698 
 3638 	 108698 
 3639 	 109526 
 3640 	 109922 
 3641 	 110519 
 3642 	 111052 
 3643 	 109176 
 3644 	 110633 
 3645 	 112277 
 3646 	 113562 
 3647 	 108936 
 3648 	 109926 
 3649 	 111528 
 3650 	 112608 
 3651 	 111835 
 3652 	 110572 
 3653 	 108535 
 3654 	 108535 
 3655 	 108173 
 3656 	 110139 
 3657 	 114751 
 3658 	 113883 
 3659 	 112186 
 3660 	 114873 
 3661 	 113272 
 3662 	 112901 
 3663 	 113691 
 3664 	 110833 
 3665 	 114382 
 3666 	 115295 
 3667 	 112461 
 3668 	 112461 
 3669 	 114021 
 3670 	 112585 
 3671 	 107674 
 3672 	 104826 
 3674 	 103399 
 3675 	 112286 
 3676 	 112588 
 3677 	 109837 
 3678 	 109837 
 3679 	 111554 
 3680 	 110478 
 3681 	 109157 
 3682 	 108012 
 3683 	 114066 
 3684 	 112152 
 3685 	 111728 
 3686 	 113821 
 3687 	 112498 
 3688 	 108010 
 3689 	 111293 
 3690 	 111293 
 3691 	 111593 
 3692 	 105882 
 3693 	 109226 
 3694 	 113479 
 3695 	 112549 
 3696 	 115425 
 3697 	 115008 
 3698 	 111583 
 3699 	 113434 
 3700 	 112368 
 3701 	 115731 
 3702 	 112489 
 3703 	 116717 
 3704 	 116717 
 3705 	 108613 
 3706 	 108613 
 3707 	 110585 
 3708 	 116157 
 3709 	 111563 
 3710 	 115197 
 3711 	 110067 
 3712 	 117357 
 3713 	 113767 
 3714 	 116188 
 3715 	 112629 
 3716 	 110517 
 3717 	 112448 
 3718 	 108311 
 3719 	 118099 
 3720 	 116594 
 3721 	 108944 
 3722 	 112720 
 3723 	 112720 
 3724 	 112790 
 3725 	 115560 
 3726 	 107800 
 3727 	 113040 
 3728 	 111558 
 3729 	 113705 
 3730 	 110750 
 3731 	 112640 
 3732 	 113643 
 3733 	 108639 
 3734 	 110691 
 3735 	 111353 
 3736 	 112010 
 3737 	 107808 
 3738 	 110947 
 3739 	 109018 
 3740 	 109018 
 3741 	 109559 
 3742 	 113721 
 3743 	 111273 
 3744 	 111905 
 3745 	 104991 
 3746 	 107011 
 3747 	 108967 
 3748 	 110087 
 3749 	 107103 
 3750 	 108983 
 3751 	 106449 
 3752 	 109749 
 3753 	 105446 
 3754 	 108651 
 3755 	 108388 
 3756 	 110030 
 3757 	 110030 
 3758 	 104894 
 3759 	 102863 
 3760 	 102658 
 3761 	 105917 
 3762 	 107510 
 3763 	 111073 
 3764 	 108765 
 3765 	 111606 
 3766 	 108631 
 3767 	 103984 
 3768 	 107981 
 3769 	 108402 
 3770 	 106110 
 3771 	 110892 
 3772 	 110538 
 3773 	 110547 
 3774 	 109447 
 3775 	 109447 
 3776 	 109919 
 3777 	 109882 
 3778 	 105437 
 3779 	 105660 
 3780 	 108244 
 3781 	 107484 
 3782 	 108801 
 3783 	 105591 
 3784 	 106189 
 3785 	 105596 
 3786 	 102758 
 3787 	 107113 
 3788 	 107694 
 3789 	 106890 
 3790 	 107641 
 3791 	 105941 
 3792 	 108028 
 3793 	 108028 
 3794 	 107537 
 3795 	 103973 
 3796 	 107903 
 3797 	 109673 
 3798 	 105837 
 3799 	 108642 
 3800 	 101900 
 3801 	 106826 
 3802 	 103080 
 3803 	 108777 
 3804 	 105428 
 3805 	 106456 
 3806 	 107641 
 3807 	 111475 
 3808 	 106143 
 3809 	 106704 
 3810 	 106704 
 3811 	 113781 
 3812 	 108099 
 3813 	 109002 
 3814 	 106676 
 3815 	 102279 
 3816 	 103398 
 3817 	 108585 
 3818 	 107423 
 3819 	 108681 
 3820 	 108020 
 3821 	 103476 
 3822 	 108099 
 3823 	 106502 
 3824 	 109605 
 3825 	 105447 
 3826 	 103654 
 3827 	 103654 
 3828 	 108940 
 3829 	 108442 
 3830 	 108481 
 3831 	 111865 
 3832 	 104343 
 3833 	 105785 
 3834 	 106339 
 3835 	 108331 
 3836 	 105428 
 3837 	 108864 
 3838 	 107303 
 3839 	 105781 
 3840 	 109712 
 3841 	 105500 
 3842 	 111606 
 3843 	 109962 
 3844 	 110700 
 3845 	 108729 
 3846 	 108729 
 3847 	 105777 
 3848 	 110010 
 3849 	 108588 
 3850 	 111875 
 3851 	 108402 
 3852 	 107538 
 3853 	 107890 
 3854 	 108690 
 3855 	 106774 
 3856 	 110788 
 3857 	 110340 
 3858 	 110340 
 3859 	 111024 
 3860 	 111024 
 3861 	 108570 
 3862 	 113042 
 3863 	 108848 
 3864 	 108197 
 3865 	 114835 
 3866 	 108217 
 3867 	 110365 
 3868 	 110074 
 3869 	 112487 
 3870 	 109122 
 3871 	 114702 
 3872 	 114559 
 3873 	 113956 
 3874 	 113956 
 3875 	 111895 
 3876 	 112860 
 3877 	 113525 
 3878 	 111061 
 3879 	 113659 
 3880 	 114833 
 3881 	 119773 
 3882 	 115014 
 3883 	 116090 
 3884 	 107855 
 3885 	 106985 	  
 3889 	 109315 
 3890 	 107779 
 3891 	 108725 
 3892 	 108725 
 3893 	 110187 
 3894 	 113060 
 3895 	 112026 
 3896 	 114307 
 3897 	 114809 
 3898 	 110700 
 3899 	 114437 
 3900 	 111002 
 3901 	 111518 
 3902 	 112527 
 3903 	 112664 
 3904 	 112328 
 3905 	 113360 
 3906 	 109521 
 3907 	 108535 
 3908 	 106098 
 3909 	 106098 
 3910 	 113019 
 3911 	 111413 
 3912 	 111855 
 3913 	 112718 
 3914 	 112016 
 3915 	 112186 
 3916 	 107204 
 3917 	 109059 
 3918 	 109749 
 3919 	 108134 
 3920 	 106424 
 3921 	 106104 
 3922 	 106104 
 3923 	 107171 
 3924 	 111233 
 3925 	 107688 
 3926 	 107550 
 3927 	 110991 
 3928 	 107479 
 3929 	 109250 
 3930 	 109270 
 3931 	 111920 
 3932 	 108587 
 3933 	 105104 
 3934 	 105104 
 3935 	 111253 
 3936 	 110549 
 3937 	 112699 
 3938 	 109301 
 3939 	 110792 
 3940 	 113956 
 3941 	 113494 
 3942 	 114075 
 3966 	 107918 
 3967 	 110645 
 3968 	 114977 
 3969 	 113463 
 3970 	 112548 
 3971 	 108250 
 3972 	 109353 
 3973 	 107201 
 3974 	 112065 
 3975 	 110624 
 3976 	 106861 
 3977 	 110331 
 3978 	 110331 
 3979 	 105556 
 3980 	 107766 
 3981 	 116834 
 3982 	 110792 
 3983 	 112418 
 3984 	 112658 
 3985 	 110765 
 3986 	 110320 
 3987 	 109356 
 3988 	 107677 
 3989 	 110072 
 3990 	 111719 
 3991 	 111433 
 3992 	 109307 
 3993 	 113858 
 3994 	 112629 
 3995 	 108578 
 3996 	 108578 
 3997 	 108239 
 3998 	 111114 
 3999 	 110080 
 4000 	 112247 
 4001 	 110752 
 4002 	 113240 
 4003 	 117362 
 4004 	 113312 
 4005 	 111724 
 4006 	 113120 
 4007 	 115498 
 4008 	 109670 
 4009 	 113812 
 4010 	 111151 
 4011 	 110411 
 4012 	 111509 
 4013 	 111509 
 4014 	 108143 
 4015 	 113724 
 4016 	 111463 
 4017 	 107382 
 4018 	 108705 
 4019 	 108355 
 4020 	 109818 
 4021 	 111724 
 4022 	 112006 
 4023 	 111674 
 4024 	 110861 
 4025 	 110970 
 4026 	 111593 
 4027 	 111714 
 4028 	 112871 
 4029 	 111173 
 4030 	 109202 
 4031 	 109202 
 4032 	 111625 
 4033 	 108852 
 4034 	 109777 
 4035 	 109125 
 4036 	 107672 
 4037 	 105995 
 4038 	 107528 
 4039 	 103871 
 4040 	 107444 
 4041 	 101921 
 4042 	 99310 
 4043 	 104827 
 4044 	 99201 
 4045 	 101700 
 4046 	 104715 
 4047 	 104056 
 4048 	 108875
 4049 	 110921 
 4050 	 110298	 
 	   
 