69
80
90
103
111
115
127
137
147
150
160
165
174
176
173
165
170
160
154
143
142
139
141
139
138
142
151
148
160
167
189
213
224
224
238
236
257
274
278
291
303
318
333
330
318
311
307
295
290
282
287
293
321
337
330
321
336
371
374
377
375
404
415
433
435
456
482
464
437
434
431
413
380
336
335
343
348
314
295
291
276
273
273
267
270
276
273
290
293
304
304
325
339
364
389
417
425
469
487
490
505
524
538
554
551
557
593
622
653
687
700
753
780
806
818
824
831
856
877
886
882
911
906
919
914
868
868
875
849
879
865
842
840
849
838
844
847
814
817
817
762
767
780
737
744
738
726
747
720
690
702
674
666
663
677
699
698
676
694
672
718
695
666
760
790
830
875
840
881
997
976
1040
1108
1156
1248
1324
1393
1549
1652
1719
1768
1809
1853
1888
1894
1990
2018
2106
2208
2297
2381
2412
2431
2414
2386
2331
2319
2371
2402
2372
2487
2534
2702
2832
2902
3041
3273
2890
3046
3222
3395
3340
3306
3409
3878
3893
3991
3909
4131
4405
4387
4406
4429
4504
4807
4949
5034
5323
5449
5569
5782
5946
6187
6430
6166
6387
6393
6379
6491
6373
6177
6325
6006
5829
5715
5389
5153
4413
4246
4251
4176
3905
3659
3603
4116
4111
3980
3902
3888
3833
3744
3576
3444
3412
3451
3352
3212
3138
3062
2990
2890
2778
2623
2632
2525
2277
1863
1927
1900
1902
1930
1985
2151
2202
2237
2256
2392
2481
2568
2697
2971
2868
2884
2768
2611
2462
2282
2153
2126
2060
1910
1801
1718
1687
1643
1573
1557
1519
1492
1442
1365
1336
1322
1296
1271
1260
1224
1190
1107
1052
1027
974
912
863
821
802
775
753
745
723
658
630
621
614
612
606
610
618
605
603
608
596
582
575
569
557
534
516
499
493
481
452
454
452
456
467
478
484
488
479
474
480
490
476
504
528
550
566
571
565
598
581
567
578
594
615
613
655
671
721
760
779
780
796
788
804
799
768
755
742
739
731
702
678
676
662
655
657
646
650
653
649
655
654
647
634
623
608
591
571
555
532
509
496
466
445
440
428
422
419
399
393
376
353
342
344
325
313
287
263
241
234
223
175
164
150
146
141
134
132
152
135
129
121
114
114
111
104
91
85
83
77
76
73
69
77
76
70
70
71
71
73
70
71
73
77
74
75
61
72
84
89
99
100
112
137
139
140
151
154
157
157
194
221
241
278
311
321
345
418
478
556
636
696
756
784
843
898
994
1018
1051
1058
1071
1098
1114
1097
1134
1187
1179
1191
1196
1210
1228
1245
1246
1270
1285
1363
1409
1478
1578
1647
1657
1673
1667
1700
1744
1705
1696
1742
1749
1559
1578
1491
1540
1623
1516
1481
1672
1865
2108
2221
2390
2612
2728
2942
2849
2802
2754
2648
2618
2604
2527
2541
2436
2528
2496
2492
2506
2574
2596
2654
2610
2635
2554
2515
2416
2336
2309
2208
2119
2108
2063
1985
1939
1891
1834
1862
1843
1829
1865
1838
1830
1865
1830
1825
1870
1862
1919
2020
2086
2150
2200
2214
2336
2501
2619
2694
2818
2869
2873
2988
3004
3007
3049
3091
3084
3146
3179
3206
3206
2795
2588
2617
2647
2715
2848
3028
3599
3855
3736
3685
3354
3192
3075
3242
3410
3487
3495
3697
3782
3851
3609
3348
3352
3325
3358
3515
3672
3768
3606
3497
3673
3998
4393
5116
5680
6023
6309
6572
7065
7605
7972
8665
9579
9888
10100
10563
10487
10621
11610
12183
13459
18095
18384
18638
18803
17545
16831
15868
11107
9781
9024
7990
7351
6725
6290
5924
5576
5172
4685
4154
3766
3533
3362
3152
2875
2548
2349
2169
2019
1938
1831
1634
1496
1376
1269
1176
1133
1075
982